608 2 2020-01-15T04:36:58.003204 19.54000
506 2 2020-01-15T04:37:40.002252 19.70000
557 2 2020-01-15T04:38:19.003208 19.77000
607 2 2020-01-15T04:38:58.004163 20.08000
656 2 2020-01-15T04:39:37.998716 20.16000
655 2 2020-01-15T04:40:18.001918 19.64000
700 2 2020-01-15T04:41:00.000966 19.90000
701 2 2020-01-15T04:41:40.004169 19.98000
742 2 2020-01-15T04:42:18.996474 20.00000
778 2 2020-01-15T04:42:57.997430 19.14000
743 2 2020-01-15T04:43:39.996478 19.74000
812 2 2020-01-15T04:45:03.000976 19.08000
452 1 2020-01-15T06:23:46.999663 20.18000
505 1 2020-01-15T06:28:56.000642 20.85000
453 1 2020-01-15T06:34:05.001581 20.74000
506 1 2020-01-15T06:39:14.002561 20.97000
556 1 2020-01-15T06:44:23.003540 21.14000
655 1 2020-01-15T06:49:35.002572 21.55000
700 1 2020-01-15T06:54:43.001263 21.59000
607 1 2020-01-15T06:59:55.000336 21.42000
1652 1 2020-01-15T07:05:04.001275 21.30000
1698 1 2020-01-15T07:10:13.002254 21.50000
701 1 2020-01-15T07:15:22.996791 21.54000
1551 1 2020-01-15T07:20:38.996163 20.20000
655 2 2020-01-15T07:28:02.003537 21.12000
700 2 2020-01-15T07:33:10.002228 21.37000
607 2 2020-01-15T07:38:22.001260 21.33000
556 2 2020-01-15T07:43:32.998085 20.48000
506 2 2020-01-15T07:48:41.999024 20.78000
1652 2 2020-01-15T07:53:53.998096 21.21000
1698 2 2020-01-15T07:59:02.999035 21.42000
701 2 2020-01-15T08:04:13.995860 21.51000
380 2 2020-01-15T13:27:46.002256 19.88000
329 2 2020-01-15T13:28:24.000963 20.12000
431 2 2020-01-15T13:32:06.999351 20.40000
380 2 2020-01-15T13:34:55.997751 20.04000
329 2 2020-01-15T13:35:34.998706 20.08000
431 2 2020-01-15T13:39:17.997134 20.53000
380 2 2020-01-15T13:42:07.004144 20.24000
329 2 2020-01-15T13:42:45.996489 19.97000
431 2 2020-01-15T13:46:29.997125 20.35000
380 2 2020-01-15T13:49:19.004174 19.98000
329 2 2020-01-15T13:49:57.996479 19.79000
431 2 2020-01-15T13:53:41.997115 20.31000
741 1 2020-01-16T02:43:27.998380 21.61000
700 1 2020-01-16T02:44:47.002578 21.69000
701 1 2020-01-16T02:45:26.997131 21.66000
655 1 2020-01-16T02:46:51.003837 21.85000
654 1 2020-01-16T02:47:30.998390 21.96000
608 1 2020-01-16T02:48:12.997438 21.91000
607 1 2020-01-16T02:48:53.000641 21.89000
656 1 2020-01-16T02:51:28.995852 21.81000
743 1 2020-01-16T02:54:07.997765 21.62000
742 1 2020-01-16T02:54:48.000968 21.48000
778 1 2020-01-16T02:55:27.001923 21.73000
299 1 2020-01-16T03:01:38.003532 21.53000
811 1 2020-01-16T03:08:46.996820 21.70000
779 1 2020-01-16T03:09:25.004177 21.58000
780 1 2020-01-16T03:10:07.003185 21.70000
557 1 2020-01-16T03:17:23.003516 21.57000
506 1 2020-01-16T03:18:01.995821 21.92000
606 1 2020-01-16T03:18:44.003519 21.93000
556 1 2020-01-16T03:19:22.002227 21.90000
505 1 2020-01-16T03:20:01.003182 21.93000
504 1 2020-01-16T03:20:40.997775 21.88000
1844 1 2020-01-16T03:34:33.003843 21.61000
812 1 2020-01-16T03:35:11.996149 21.55000
1844 1 2020-01-16T03:37:49.995855 21.66000
812 1 2020-01-16T04:07:51.003829 21.58000
812 2 2020-01-16T05:30:09.999369 21.29000
505 1 2020-01-18T05:40:25.996792 21.51000
453 1 2020-01-18T05:45:34.997772 21.13000
506 1 2020-01-18T05:50:43.998711 21.60000
506 1 2020-01-18T05:55:52.999690 21.55000
506 1 2020-01-18T06:01:02.000629 21.39000
506 1 2020-01-18T06:06:09.999361 21.53000
506 1 2020-01-18T06:11:20.002548 21.26000
506 1 2020-01-18T06:16:28.001280 21.76000
506 1 2020-01-18T06:21:37.002259 21.68000
506 1 2020-01-18T06:26:46.003198 21.47000
506 1 2020-01-18T06:31:55.004177 21.59000
506 1 2020-01-18T06:37:03.996466 21.55000
506 1 2020-01-18T06:42:12.997446 21.46000
506 1 2020-01-18T06:47:20.996177 21.56000
506 1 2020-01-18T06:52:29.997117 21.47000
506 1 2020-01-18T06:57:38.998096 21.06000
506 1 2020-01-18T07:02:47.999035 21.10000
506 1 2020-01-18T07:07:57.000014 20.67000
506 1 2020-01-18T07:13:06.000954 20.66000
506 1 2020-01-18T07:18:15.001933 21.13000
506 1 2020-01-18T07:23:24.002872 21.20000
506 1 2020-01-18T07:28:33.003851 21.19000
506 1 2020-01-18T07:33:41.002543 21.08000
506 1 2020-01-18T07:38:50.003522 20.97000
506 1 2020-01-18T07:43:58.995852 21.16000
506 1 2020-01-18T07:49:07.996791 21.00000
506 1 2020-01-18T07:54:16.997770 20.98000
506 1 2020-01-18T07:59:25.998709 20.32000
506 1 2020-01-18T08:04:34.999689 20.22000
481 1 2020-01-18T11:45:07.004160 19.94000
481 2 2020-01-18T11:52:30.002883 20.47000
482 1 2020-01-18T12:11:42.000014 20.63000
482 2 2020-01-18T12:19:06.000946 20.53000
402 2 2020-01-19T02:31:37.997765 18.76000
452 2 2020-01-19T02:32:16.998720 19.16000
401 2 2020-01-19T02:32:55.999676 20.51000
400 2 2020-01-19T02:33:35.000631 20.66000
451 2 2020-01-19T02:34:14.001586 20.34000
504 2 2020-01-19T02:34:53.002541 20.78000
778 2 2020-01-19T02:50:27.997430 20.45000
741 2 2020-01-19T02:51:08.000633 20.14000
700 2 2020-01-19T02:52:27.998388 20.10000
655 2 2020-01-19T02:53:09.997436 20.21000
654 2 2020-01-19T02:53:50.000639 20.31000
607 2 2020-01-19T02:54:34.004142 20.46000
557 2 2020-01-19T02:57:12.003848 20.42000
606 2 2020-01-19T02:57:50.996153 20.50000
506 2 2020-01-19T02:58:33.003851 20.02000
556 2 2020-01-19T02:59:11.996157 20.31000
505 2 2020-01-19T02:59:50.003514 20.02000
453 2 2020-01-19T03:00:29.998067 20.10000
400 1 2020-01-19T03:30:25.001286 19.41000
506 1 2020-01-19T03:32:29.002545 19.33000
453 1 2020-01-19T03:33:07.001292 19.76000
402 1 2020-01-19T03:33:46.002248 19.53000
505 1 2020-01-19T03:34:28.001296 19.59000
654 1 2020-01-19T03:36:28.002254 18.76000
700 1 2020-01-19T03:39:14.002561 18.43000
741 1 2020-01-19T03:39:52.001268 18.68000
654 1 2020-01-19T03:49:48.999358 19.36000
655 1 2020-01-19T03:50:28.000313 19.08000
700 1 2020-01-19T03:55:50.998078 17.99000
741 1 2020-01-19T03:56:29.999034 17.01000
778 1 2020-01-19T03:57:49.996789 16.83000
742 1 2020-01-19T03:58:28.997744 16.98000
701 1 2020-01-19T03:59:07.998740 17.62000
743 1 2020-01-19T03:59:49.004150 17.40000
779 1 2020-01-19T04:00:27.996495 17.21000
608 1 2020-01-19T04:05:54.000963 18.66000
556 1 2020-01-19T04:06:41.002559 17.69000
606 1 2020-01-19T04:07:20.003514 19.17000
655 1 2020-01-19T04:07:59.998067 19.65000
778 1 2020-01-19T04:09:40.999692 19.56000
742 1 2020-01-19T04:10:20.000647 19.34000
701 1 2020-01-19T04:10:59.001602 19.45000
656 1 2020-01-19T04:11:38.002557 19.44000
656 1 2020-01-19T04:12:17.003513 19.58000
606 1 2020-01-19T04:13:00.998406 20.08000
556 1 2020-01-19T04:13:39.999361 20.21000
607 1 2020-01-19T04:14:20.002564 20.34000
557 1 2020-01-19T04:14:59.003519 20.35000
506 1 2020-01-19T04:15:37.995824 20.30000
608 1 2020-01-19T04:16:20.003522 20.33000
