46.000000000,0.003917154
46.007007007,0.004027752
46.014014014,0.004140047
46.021021021,0.004254008
46.028028028,0.004369603
46.035035035,0.004486796
46.042042042,0.004605552
46.049049049,0.004725829
46.056056056,0.004847586
46.063063063,0.004970778
46.070070070,0.005095358
46.077077077,0.005221276
46.084084084,0.005348480
46.091091091,0.005476915
46.098098098,0.005606524
46.105105105,0.005737249
46.112112112,0.005869028
46.119119119,0.006001797
46.126126126,0.006135489
46.133133133,0.006270037
46.140140140,0.006405371
46.147147147,0.006541418
46.154154154,0.006678103
46.161161161,0.006815350
46.168168168,0.006953082
46.175175175,0.007091217
46.182182182,0.007229676
46.189189189,0.007368374
46.196196196,0.007507227
46.203203203,0.007646149
46.210210210,0.007785052
46.217217217,0.007923849
46.224224224,0.008062449
46.231231231,0.008200763
46.238238238,0.008338698
46.245245245,0.008476164
46.252252252,0.008613066
46.259259259,0.008749313
46.266266266,0.008884812
46.273273273,0.009019467
46.280280280,0.009153187
46.287287287,0.009285877
46.294294294,0.009417444
46.301301301,0.009547796
46.308308308,0.009676839
46.315315315,0.009804483
46.322322322,0.009930636
46.329329329,0.010055208
46.336336336,0.010178110
46.343343343,0.010299255
46.350350350,0.010418556
46.357357357,0.010535929
46.364364364,0.010651289
46.371371371,0.010764556
46.378378378,0.010875649
46.385385385,0.010984491
46.392392392,0.011091008
46.399399399,0.011195124
46.406406406,0.011296771
46.413413413,0.011395879
46.420420420,0.011492382
46.427427427,0.011586218
46.434434434,0.011677327
46.441441441,0.011765651
46.448448448,0.011851137
46.455455455,0.011933732
46.462462462,0.012013390
46.469469469,0.012090065
46.476476476,0.012163717
46.483483483,0.012234307
46.490490490,0.012301802
46.497497497,0.012366169
46.504504505,0.012427382
46.511511512,0.012485417
46.518518519,0.012540255
46.525525526,0.012591877
46.532532533,0.012640273
46.539539540,0.012685432
46.546546547,0.012727349
46.553553554,0.012766023
46.560560561,0.012801455
46.567567568,0.012833651
46.574574575,0.012862621
46.581581582,0.012888377
46.588588589,0.012910935
46.595595596,0.012930317
46.602602603,0.012946544
46.609609610,0.012959645
46.616616617,0.012969649
46.623623624,0.012976591
46.630630631,0.012980506
46.637637638,0.012981435
46.644644645,0.012979421
46.651651652,0.012974510
46.658658659,0.012966751
46.665665666,0.012956197
46.672672673,0.012942900
46.679679680,0.012926919
46.686686687,0.012908313
46.693693694,0.012887144
46.700700701,0.012863476
46.707707708,0.012837375
46.714714715,0.012808911
46.721721722,0.012778152
46.728728729,0.012745172
46.735735736,0.012710044
46.742742743,0.012672844
46.749749750,0.012633647
46.756756757,0.012592532
46.763763764,0.012549579
46.770770771,0.012504867
46.777777778,0.012458477
46.784784785,0.012410491
46.791791792,0.012360992
46.798798799,0.012310063
46.805805806,0.012257787
46.812812813,0.012204248
46.819819820,0.012149529
46.826826827,0.012093716
46.833833834,0.012036890
46.840840841,0.011979137
46.847847848,0.011920540
46.854854855,0.011861181
46.861861862,0.011801144
46.868868869,0.011740510
46.875875876,0.011679361
46.882882883,0.011617777
46.889889890,0.011555838
46.896896897,0.011493622
46.903903904,0.011431208
46.910910911,0.011368673
46.917917918,0.011306091
46.924924925,0.011243538
46.931931932,0.011181085
46.938938939,0.011118806
46.945945946,0.011056771
46.952952953,0.010995048
46.959959960,0.010933705
46.966966967,0.010872808
46.973973974,0.010812421
46.980980981,0.010752608
46.987987988,0.010693430
46.994994995,0.010634946
47.002002002,0.010577215
47.009009009,0.010520293
47.016016016,0.010464235
47.023023023,0.010409093
47.030030030,0.010354921
47.037037037,0.010301766
47.044044044,0.010249678
47.051051051,0.010198703
47.058058058,0.010148886
47.065065065,0.010100270
47.072072072,0.010052897
47.079079079,0.010006807
47.086086086,0.009962038
47.093093093,0.009918628
47.100100100,0.009876612
47.107107107,0.009836025
47.114114114,0.009796897
47.121121121,0.009759262
47.128128128,0.009723148
47.135135135,0.009688584
47.142142142,0.009655596
47.149149149,0.009624212
47.156156156,0.009594454
47.163163163,0.009566347
47.170170170,0.009539913
47.177177177,0.009515172
47.184184184,0.009492145
47.191191191,0.009470851
47.198198198,0.009451307
47.205205205,0.009433530
47.212212212,0.009417536
47.219219219,0.009403340
47.226226226,0.009390957
47.233233233,0.009380400
47.240240240,0.009371682
47.247247247,0.009364814
47.254254254,0.009359807
47.261261261,0.009356673
47.268268268,0.009355421
47.275275275,0.009356060
47.282282282,0.009358600
47.289289289,0.009363049
47.296296296,0.009369414
47.303303303,0.009377704
47.310310310,0.009387924
47.317317317,0.009400083
47.324324324,0.009414185
47.331331331,0.009430238
47.338338338,0.009448246
47.345345345,0.009468216
47.352352352,0.009490153
47.359359359,0.009514062
47.366366366,0.009539949
47.373373373,0.009567817
47.380380380,0.009597672
47.387387387,0.009629518
47.394394394,0.009663361
47.401401401,0.009699205
47.408408408,0.009737055
47.415415415,0.009776915
47.422422422,0.009818791
47.429429429,0.009862686
47.436436436,0.009908607
47.443443443,0.009956558
47.450450450,0.010006545
47.457457457,0.010058572
47.464464464,0.010112646
47.471471471,0.010168772
47.478478478,0.010226955
47.485485485,0.010287203
47.492492492,0.010349521
47.499499499,0.010413917
47.506506507,0.010480395
47.513513514,0.010548965
47.520520521,0.010619632
47.527527528,0.010692405
47.534534535,0.010767290
47.541541542,0.010844297
47.548548549,0.010923433
47.555555556,0.011004706
47.562562563,0.011088126
47.569569570,0.011173701
47.576576577,0.011261439
47.583583584,0.011351351
47.590590591,0.011443446
47.597597598,0.011537732
47.604604605,0.011634221
47.611611612,0.011732921
47.618618619,0.011833842
47.625625626,0.011936994
47.632632633,0.012042388
47.639639640,0.012150033
47.646646647,0.012259938
47.653653654,0.012372115
47.660660661,0.012486571
47.667667668,0.012603317
47.674674675,0.012722361
47.681681682,0.012843714
47.688688689,0.012967382
47.695695696,0.013093375
47.702702703,0.013221701
47.709709710,0.013352366
47.716716717,0.013485377
47.723723724,0.013620741
47.730730731,0.013758463
47.737737738,0.013898548
47.744744745,0.014041000
47.751751752,0.014185821
47.758758759,0.014333015
47.765765766,0.014482582
47.772772773,0.014634522
47.779779780,0.014788835
47.786786787,0.014945518
47.793793794,0.015104568
47.800800801,0.015265980
47.807807808,0.015429747
47.814814815,0.015595863
47.821821822,0.015764318
47.828828829,0.015935102
47.835835836,0.016108201
47.842842843,0.016283603
47.849849850,0.016461291
47.856856857,0.016641247
47.863863864,0.016823452
47.870870871,0.017007885
47.877877878,0.017194522
47.884884885,0.017383339
47.891891892,0.017574307
47.898898899,0.017767398
47.905905906,0.017962580
47.912912913,0.018159820
47.919919920,0.018359082
47.926926927,0.018560328
47.933933934,0.018763519
47.940940941,0.018968613
47.947947948,0.019175565
47.954954955,0.019384331
47.961961962,0.019594861
47.968968969,0.019807106
47.975975976,0.020021014
47.982982983,0.020236531
47.989989990,0.020453600
47.996996997,0.020672165
48.004004004,0.020892165
48.011011011,0.021113539
48.018018018,0.021336226
48.025025025,0.021560160
48.032032032,0.021785275
48.039039039,0.022011505
48.046046046,0.022238781
48.053053053,0.022467033
48.060060060,0.022696192
48.067067067,0.022926186
48.074074074,0.023156942
48.081081081,0.023388389
48.088088088,0.023620452
48.095095095,0.023853058
48.102102102,0.024086133
48.109109109,0.024319603
48.116116116,0.024553395
48.123123123,0.024787435
48.130130130,0.025021651
48.137137137,0.025255968
48.144144144,0.025490316
48.151151151,0.025724625
48.158158158,0.025958823
48.165165165,0.026192843
48.172172172,0.026426618
48.179179179,0.026660081
48.186186186,0.026893170
48.193193193,0.027125822
48.200200200,0.027357978
48.207207207,0.027589580
48.214214214,0.027820572
48.221221221,0.028050903
48.228228228,0.028280522
48.235235235,0.028509383
48.242242242,0.028737440
48.249249249,0.028964653
48.256256256,0.029190984
48.263263263,0.029416398
48.270270270,0.029640865
48.277277277,0.029864357
48.284284284,0.030086849
48.291291291,0.030308322
48.298298298,0.030528760
48.305305305,0.030748149
48.312312312,0.030966481
48.319319319,0.031183752
48.326326326,0.031399962
48.333333333,0.031615113
48.340340340,0.031829213
48.347347347,0.032042274
48.354354354,0.032254313
48.361361361,0.032465348
48.368368368,0.032675404
48.375375375,0.032884509
48.382382382,0.033092694
48.389389389,0.033299997
48.396396396,0.033506457
48.403403403,0.033712118
48.410410410,0.033917027
48.417417417,0.034121237
48.424424424,0.034324801
48.431431431,0.034527778
48.438438438,0.034730231
48.445445445,0.034932224
48.452452452,0.035133825
48.459459459,0.035335107
48.466466466,0.035536143
48.473473473,0.035737010
48.480480480,0.035937788
48.487487487,0.036138560
48.494494494,0.036339410
48.501501502,0.036540424
48.508508509,0.036741692
48.515515516,0.036943303
48.522522523,0.037145352
48.529529530,0.037347930
48.536536537,0.037551134
48.543543544,0.037755061
48.550550551,0.037959807
48.557557558,0.038165471
48.564564565,0.038372154
48.571571572,0.038579953
48.578578579,0.038788971
48.585585586,0.038999307
48.592592593,0.039211063
48.599599600,0.039424340
48.606606607,0.039639237
48.613613614,0.039855857
48.620620621,0.040074298
48.627627628,0.040294662
48.634634635,0.040517047
48.641641642,0.040741552
48.648648649,0.040968274
48.655655656,0.041197312
48.662662663,0.041428760
48.669669670,0.041662715
48.676676677,0.041899271
48.683683684,0.042138520
48.690690691,0.042380555
48.697697698,0.042625467
48.704704705,0.042873345
48.711711712,0.043124278
48.718718719,0.043378353
48.725725726,0.043635657
48.732732733,0.043896275
48.739739740,0.044160290
48.746746747,0.044427784
48.753753754,0.044698841
48.760760761,0.044973540
48.767767768,0.045251960
48.774774775,0.045534181
48.781781782,0.045820279
48.788788789,0.046110333
48.795795796,0.046404417
48.802802803,0.046702607
48.809809810,0.047004977
48.816816817,0.047311603
48.823823824,0.047622557
48.830830831,0.047937912
48.837837838,0.048257742
48.844844845,0.048582119
48.851851852,0.048911117
48.858858859,0.049244806
48.865865866,0.049583261
48.872872873,0.049926554
48.879879880,0.050274758
48.886886887,0.050627947
48.893893894,0.050986194
48.900900901,0.051349573
48.907907908,0.051718160
48.914914915,0.052092030
48.921921922,0.052471259
48.928928929,0.052855925
48.935935936,0.053246104
48.942942943,0.053641877
48.949949950,0.054043322
48.956956957,0.054450522
48.963963964,0.054863557
48.970970971,0.055282510
48.977977978,0.055707466
48.984984985,0.056138511
48.991991992,0.056575730
48.998998999,0.057019211
49.006006006,0.057469044
49.013013013,0.057925318
49.020020020,0.058388124
49.027027027,0.058857556
49.034034034,0.059333707
49.041041041,0.059816671
49.048048048,0.060306545
49.055055055,0.060803427
49.062062062,0.061307413
49.069069069,0.061818603
49.076076076,0.062337098
49.083083083,0.062862999
49.090090090,0.063396407
49.097097097,0.063937426
49.104104104,0.064486159
49.111111111,0.065042711
49.118118118,0.065607186
49.125125125,0.066179691
49.132132132,0.066760330
49.139139139,0.067349212
49.146146146,0.067946443
49.153153153,0.068552131
49.160160160,0.069166383
49.167167167,0.069789307
49.174174174,0.070421012
49.181181181,0.071061606
49.188188188,0.071711197
49.195195195,0.072369893
49.202202202,0.073037803
49.209209209,0.073715036
49.216216216,0.074401700
49.223223223,0.075097902
49.230230230,0.075803752
49.237237237,0.076519357
49.244244244,0.077244825
49.251251251,0.077980264
49.258258258,0.078725781
49.265265265,0.079481483
49.272272272,0.080247479
49.279279279,0.081023875
49.286286286,0.081810779
49.293293293,0.082608297
49.300300300,0.083416538
49.307307307,0.084235607
49.314314314,0.085065613
49.321321321,0.085906663
49.328328328,0.086758866
49.335335335,0.087622328
49.342342342,0.088497159
49.349349349,0.089383469
49.356356356,0.090281366
49.363363363,0.091190961
49.370370370,0.092112366
49.377377377,0.093045692
49.384384384,0.093991054
49.391391391,0.094948565
49.398398398,0.095918340
49.405405405,0.096900498
49.412412412,0.097895156
49.419419419,0.098902434
49.426426426,0.099922456
49.433433433,0.100955343
49.440440440,0.102001222
49.447447447,0.103060221
49.454454454,0.104132470
49.461461461,0.105218102
49.468468468,0.106317250
49.475475475,0.107430054
49.482482482,0.108556652
49.489489489,0.109697189
49.496496496,0.110851809
49.503503504,0.112020661
49.510510511,0.113203898
49.517517518,0.114401675
49.524524525,0.115614149
49.531531532,0.116841482
49.538538539,0.118083839
49.545545546,0.119341388
49.552552553,0.120614300
49.559559560,0.121902750
49.566566567,0.123206918
49.573573574,0.124526983
49.580580581,0.125863132
49.587587588,0.127215553
49.594594595,0.128584438
49.601601602,0.129969982
49.608608609,0.131372383
49.615615616,0.132791843
49.622622623,0.134228567
49.629629630,0.135682762
49.636636637,0.137154639
49.643643644,0.138644411
49.650650651,0.140152294
49.657657658,0.141678505
49.664664665,0.143223266
49.671671672,0.144786800
49.678678679,0.146369330
49.685685686,0.147971083
49.692692693,0.149592286
49.699699700,0.151233168
49.706706707,0.152893960
49.713713714,0.154574891
49.720720721,0.156276192
49.727727728,0.157998095
49.734734735,0.159740829
49.741741742,0.161504626
49.748748749,0.163289715
49.755755756,0.165096324
49.762762763,0.166924679
49.769769770,0.168775006
49.776776777,0.170647526
49.783783784,0.172542460
49.790790791,0.174460023
49.797797798,0.176400430
49.804804805,0.178363889
49.811811812,0.180350604
49.818818819,0.182360775
49.825825826,0.184394598
49.832832833,0.186452260
49.839839840,0.188533944
49.846846847,0.190639825
49.853853854,0.192770072
49.860860861,0.194924846
49.867867868,0.197104299
49.874874875,0.199308574
49.881881882,0.201537806
49.888888889,0.203792120
49.895895896,0.206071628
49.902902903,0.208376436
49.909909910,0.210706633
49.916916917,0.213062301
49.923923924,0.215443505
49.930930931,0.217850301
49.937937938,0.220282729
49.944944945,0.222740815
49.951951952,0.225224570
49.958958959,0.227733990
49.965965966,0.230269057
49.972972973,0.232829733
49.979979980,0.235415965
49.986986987,0.238027683
49.993993994,0.240664798
50.001001001,0.243327203
50.008008008,0.246014772
50.015015015,0.248727357
50.022022022,0.251464794
50.029029029,0.254226894
50.036036036,0.257013451
50.043043043,0.259824233
50.050050050,0.262658989
50.057057057,0.265517445
50.064064064,0.268399304
50.071071071,0.271304243
50.078078078,0.274231918
50.085085085,0.277181960
50.092092092,0.280153976
50.099099099,0.283147545
50.106106106,0.286162225
50.113113113,0.289197545
50.120120120,0.292253009
50.127127127,0.295328095
50.134134134,0.298422254
50.141141141,0.301534912
50.148148148,0.304665466
50.155155155,0.307813286
50.162162162,0.310977717
50.169169169,0.314158075
50.176176176,0.317353648
50.183183183,0.320563699
50.190190190,0.323787462
50.197197197,0.327024142
50.204204204,0.330272921
50.211211211,0.333532951
50.218218218,0.336803357
50.225225225,0.340083237
50.232232232,0.343371664
50.239239239,0.346667683
50.246246246,0.349970315
50.253253253,0.353278553
50.260260260,0.356591365
50.267267267,0.359907696
50.274274274,0.363226464
50.281281281,0.366546566
50.288288288,0.369866874
50.295295295,0.373186236
50.302302302,0.376503480
50.309309309,0.379817413
50.316316316,0.383126818
50.323323323,0.386430462
50.330330330,0.389727091
50.337337337,0.393015431
50.344344344,0.396294194
50.351351351,0.399562074
50.358358358,0.402817748
50.365365365,0.406059881
50.372372372,0.409287123
50.379379379,0.412498112
50.386386386,0.415691475
50.393393393,0.418865829
50.400400400,0.422019780
50.407407407,0.425151928
50.414414414,0.428260867
50.421421421,0.431345185
50.428428428,0.434403466
50.435435435,0.437434289
50.442442442,0.440436236
50.449449449,0.443407886
50.456456456,0.446347820
50.463463463,0.449254622
50.470470470,0.452126879
50.477477477,0.454963185
50.484484484,0.457762140
50.491491491,0.460522352
50.498498498,0.463242439
50.505505506,0.465921032
50.512512513,0.468556770
50.519519520,0.471148312
50.526526527,0.473694327
50.533533534,0.476193504
50.540540541,0.478644550
50.547547548,0.481046189
50.554554555,0.483397169
50.561561562,0.485696259
50.568568569,0.487942252
50.575575576,0.490133965
50.582582583,0.492270241
50.589589590,0.494349953
50.596596597,0.496372001
50.603603604,0.498335313
50.610610611,0.500238851
50.617617618,0.502081608
50.624624625,0.503862610
50.631631632,0.505580917
50.638638639,0.507235626
50.645645646,0.508825869
50.652652653,0.510350814
50.659659660,0.511809669
50.666666667,0.513201681
50.673673674,0.514526135
50.680680681,0.515782356
50.687687688,0.516969714
50.694694695,0.518087615
50.701701702,0.519135512
50.708708709,0.520112899
50.715715716,0.521019312
50.722722723,0.521854333
50.729729730,0.522617585
50.736736737,0.523308739
50.743743744,0.523927507
50.750750751,0.524473648
50.757757758,0.524946964
50.764764765,0.525347303
50.771771772,0.525674559
50.778778779,0.525928668
50.785785786,0.526109613
50.792792793,0.526217420
50.799799800,0.526252162
50.806806807,0.526213952
50.813813814,0.526102950
50.820820821,0.525919358
50.827827828,0.525663422
50.834834835,0.525335430
50.841841842,0.524935711
50.848848849,0.524464637
50.855855856,0.523922620
50.862862863,0.523310112
50.869869870,0.522627605
50.876876877,0.521875629
50.883883884,0.521054753
50.890890891,0.520165581
50.897897898,0.519208757
50.904904905,0.518184956
50.911911912,0.517094891
50.918918919,0.515939305
50.925925926,0.514718978
50.932932933,0.513434717
50.939939940,0.512087362
50.946946947,0.510677781
50.953953954,0.509206872
50.960960961,0.507675560
50.967967968,0.506084793
50.974974975,0.504435549
50.981981982,0.502728825
50.988988989,0.500965644
50.995995996,0.499147050
51.003003003,0.497274104
51.010010010,0.495347892
51.017017017,0.493369512
51.024024024,0.491340084
51.031031031,0.489260739
51.038038038,0.487132626
51.045045045,0.484956905
51.052052052,0.482734749
51.059059059,0.480467342
51.066066066,0.478155878
51.073073073,0.475801559
51.080080080,0.473405594
51.087087087,0.470969199
51.094094094,0.468493596
51.101101101,0.465980011
51.108108108,0.463429671
51.115115115,0.460843807
51.122122122,0.458223652
51.129129129,0.455570437
51.136136136,0.452885392
51.143143143,0.450169746
51.150150150,0.447424726
51.157157157,0.444651554
51.164164164,0.441851446
51.171171171,0.439025616
51.178178178,0.436175269
51.185185185,0.433301602
51.192192192,0.430405808
51.199199199,0.427489067
51.206206206,0.424552553
51.213213213,0.421597427
51.220220220,0.418624842
51.227227227,0.415635937
51.234234234,0.412631842
51.241241241,0.409613671
51.248248248,0.406582528
51.255255255,0.403539501
51.262262262,0.400485666
51.269269269,0.397422084
51.276276276,0.394349800
51.283283283,0.391269845
51.290290290,0.388183234
51.297297297,0.385090964
51.304304304,0.381994020
51.311311311,0.378893366
51.318318318,0.375789952
51.325325325,0.372684711
51.332332332,0.369578557
51.339339339,0.366472388
51.346346346,0.363367084
51.353353353,0.360263509
51.360360360,0.357162505
51.367367367,0.354064902
51.374374374,0.350971508
51.381381381,0.347883114
51.388388388,0.344800495
51.395395395,0.341724405
51.402402402,0.338655584
51.409409409,0.335594751
51.416416416,0.332542608
51.423423423,0.329499842
51.430430430,0.326467119
51.437437437,0.323445088
51.444444444,0.320434384
51.451451451,0.317435622
51.458458458,0.314449399
51.465465465,0.311476299
51.472472472,0.308516885
51.479479479,0.305571706
51.486486486,0.302641294
51.493493493,0.299726166
51.500500501,0.296826820
51.507507508,0.293943741
51.514514515,0.291077397
51.521521522,0.288228241
51.528528529,0.285396710
51.535535536,0.282583227
51.542542543,0.279788199
51.549549550,0.277012018
51.556556557,0.274255064
51.563563564,0.271517698
51.570570571,0.268800272
51.577577578,0.266103120
51.584584585,0.263426563
51.591591592,0.260770910
51.598598599,0.258136454
51.605605606,0.255523477
51.612612613,0.252932244
51.619619620,0.250363011
51.626626627,0.247816017
51.633633634,0.245291492
51.640640641,0.242789650
51.647647648,0.240310693
51.654654655,0.237854811
51.661661662,0.235422180
51.668668669,0.233012965
51.675675676,0.230627318
51.682682683,0.228265378
51.689689690,0.225927272
51.696696697,0.223613115
51.703703704,0.221323009
51.710710711,0.219057043
51.717717718,0.216815297
51.724724725,0.214597834
51.731731732,0.212404709
51.738738739,0.210235962
51.745745746,0.208091623
51.752752753,0.205971708
51.759759760,0.203876221
51.766766767,0.201805156
51.773773774,0.199758491
51.780780781,0.197736196
51.787787788,0.195738225
51.794794795,0.193764524
51.801801802,0.191815022
51.808808809,0.189889641
51.815815816,0.187988288
51.822822823,0.186110857
51.829829830,0.184257233
51.836836837,0.182427288
51.843843844,0.180620881
51.850850851,0.178837860
51.857857858,0.177078061
51.864864865,0.175341310
51.871871872,0.173627420
51.878878879,0.171936193
51.885885886,0.170267419
51.892892893,0.168620878
51.899899900,0.166996339
51.906906907,0.165393561
51.913913914,0.163812291
51.920920921,0.162252265
51.927927928,0.160713213
51.934934935,0.159194850
51.941941942,0.157696886
51.948948949,0.156219018
51.955955956,0.154760937
51.962962963,0.153322325
51.969969970,0.151902853
51.976976977,0.150502187
51.983983984,0.149119986
51.990990991,0.147755899
51.997997998,0.146409570
52.005005005,0.145080636
52.012012012,0.143768730
52.019019019,0.142473478
52.026026026,0.141194501
52.033033033,0.139931416
52.040040040,0.138683836
52.047047047,0.137451371
52.054054054,0.136233628
52.061061061,0.135030212
52.068068068,0.133840725
52.075075075,0.132664769
52.082082082,0.131501943
52.089089089,0.130351851
52.096096096,0.129214091
52.103103103,0.128088267
52.110110110,0.126973982
52.117117117,0.125870841
52.124124124,0.124778455
52.131131131,0.123696434
52.138138138,0.122624393
52.145145145,0.121561954
52.152152152,0.120508742
52.159159159,0.119464385
52.166166166,0.118428522
52.173173173,0.117400795
52.180180180,0.116380855
52.187187187,0.115368357
52.194194194,0.114362969
52.201201201,0.113364364
52.208208208,0.112372225
52.215215215,0.111386244
52.222222222,0.110406122
52.229229229,0.109431571
52.236236236,0.108462314
52.243243243,0.107498082
52.250250250,0.106538621
52.257257257,0.105583685
52.264264264,0.104633040
52.271271271,0.103686465
52.278278278,0.102743751
52.285285285,0.101804699
52.292292292,0.100869125
52.299299299,0.099936855
52.306306306,0.099007728
52.313313313,0.098081597
52.320320320,0.097158325
52.327327327,0.096237790
52.334334334,0.095319880
52.341341341,0.094404498
52.348348348,0.093491556
52.355355355,0.092580981
52.362362362,0.091672710
52.369369369,0.090766694
52.376376376,0.089862892
52.383383383,0.088961279
52.390390390,0.088061837
52.397397397,0.087164560
52.404404404,0.086269454
52.411411411,0.085376534
52.418418418,0.084485824
52.425425425,0.083597359
52.432432432,0.082711183
52.439439439,0.081827346
52.446446446,0.080945910
52.453453453,0.080066942
52.460460460,0.079190518
52.467467467,0.078316721
52.474474474,0.077445638
52.481481481,0.076577366
52.488488488,0.075712004
52.495495495,0.074849657
52.502502503,0.073990435
52.509509510,0.073134453
52.516516517,0.072281827
52.523523524,0.071432679
52.530530531,0.070587130
52.537537538,0.069745307
52.544544545,0.068907335
52.551551552,0.068073343
52.558558559,0.067243460
52.565565566,0.066417814
52.572572573,0.065596533
52.579579580,0.064779746
52.586586587,0.063967580
52.593593594,0.063160159
52.600600601,0.062357607
52.607607608,0.061560046
52.614614615,0.060767593
52.621621622,0.059980366
52.628628629,0.059198475
52.635635636,0.058422031
52.642642643,0.057651138
52.649649650,0.056885896
52.656656657,0.056126403
52.663663664,0.055372751
52.670670671,0.054625026
52.677677678,0.053883311
52.684684685,0.053147683
52.691691692,0.052418214
52.698698699,0.051694971
52.705705706,0.050978014
52.712712713,0.050267399
52.719719720,0.049563176
52.726726727,0.048865389
52.733733734,0.048174077
52.740740741,0.047489273
52.747747748,0.046811004
52.754754755,0.046139293
52.761761762,0.045474155
52.768768769,0.044815602
52.775775776,0.044163640
52.782782783,0.043518268
52.789789790,0.042879482
52.796796797,0.042247273
52.803803804,0.041621627
52.810810811,0.041002523
52.817817818,0.040389940
52.824824825,0.039783849
52.831831832,0.039184218
52.838838839,0.038591013
52.845845846,0.038004194
52.852852853,0.037423718
52.859859860,0.036849539
52.866866867,0.036281610
52.873873874,0.035719878
52.880880881,0.035164289
52.887887888,0.034614788
52.894894895,0.034071316
52.901901902,0.033533812
52.908908909,0.033002217
52.915915916,0.032476466
52.922922923,0.031956497
52.929929930,0.031442243
52.936936937,0.030933640
52.943943944,0.030430623
52.950950951,0.029933125
52.957957958,0.029441080
52.964964965,0.028954424
52.971971972,0.028473089
52.978978979,0.027997013
52.985985986,0.027526131
52.992992993,0.027060380
53.000000000,0.026599698
