2 5 2019-04-27T04:32:42.836000 15.05743
2 5 2019-04-27T04:32:42.836000 14.43120
2 5 2019-04-27T06:17:51.663000 14.58962
2 5 2019-04-27T09:03:21.936000 14.61288
3 5 2019-04-27T04:39:01.999000 14.84475
3 5 2019-04-27T04:39:01.999000 14.45320
3 5 2019-04-27T06:24:09.571000 14.55604
4 5 2019-04-27T07:34:11.547000 15.02026
4 5 2019-04-27T07:34:11.547000 14.59966
4 5 2019-04-27T08:58:55.050000 14.58539
4 5 2019-04-27T11:59:00.357000 14.28152
5 5 2019-04-27T11:47:19.878000 14.70135
5 5 2019-04-27T11:47:19.878000 14.44441
5 5 2019-04-27T11:56:57.923000 14.36638
7 5 2019-04-27T03:38:23.207000 14.33154
7 5 2019-04-27T03:38:23.207000 14.79342
7 5 2019-04-27T05:21:34.654000 14.54514
8 5 2019-04-27T03:31:52.305000 14.22466
8 5 2019-04-27T03:31:52.305000 14.99960
8 5 2019-04-27T05:14:39.202000 14.43932
8 5 2019-04-27T08:22:09.895000 14.60328
9 5 2019-04-27T04:25:52.725000 14.23881
9 5 2019-04-27T04:25:52.725000 15.18195
9 5 2019-04-27T06:11:02.032000 14.48081
9 5 2019-04-27T09:09:39.241000 14.66249
9 5 2019-04-27T11:06:36.941000 14.60879
10 5 2019-04-27T03:34:04.827000 14.28232
10 5 2019-04-27T03:34:04.827000 15.00397
10 5 2019-04-27T05:17:01.436000 14.41307
10 5 2019-04-27T08:24:18.186000 14.45155
10 5 2019-04-27T11:45:21.045000 14.40338
11 5 2019-04-27T05:08:26.573000 14.85709
11 5 2019-04-27T05:08:26.573000 14.17384
11 5 2019-04-27T11:04:38.315000 14.50989
11 5 2019-04-27T11:43:29.235000 14.38488
19 5 2019-04-27T04:41:09.332000 14.54793
20 5 2019-04-27T04:23:41.875000 15.09586
20 5 2019-04-27T04:23:41.875000 14.48539
20 5 2019-04-27T06:08:51.722000 14.68481
20 5 2019-04-27T11:49:24.606000 14.45571
22 5 2019-04-27T04:43:15.478000 14.37547
22 5 2019-04-27T04:43:15.478000 14.81410
22 5 2019-04-27T06:26:07.299000 14.54483
23 5 2019-04-27T06:22:11.146000 14.49602
23 5 2019-04-27T06:22:11.146000 14.88780
23 5 2019-04-27T09:14:02.882000 14.65307
24 5 2019-04-27T06:49:38.233000 13.78138
24 5 2019-04-27T06:49:38.233000 14.79944
24 5 2019-04-27T09:32:34.433000 14.60618
25 5 2019-04-27T04:58:13.918000 14.92956
25 5 2019-04-27T04:58:13.918000 12.43770
25 5 2019-04-27T07:08:32.417000 13.44159
25 5 2019-04-27T10:54:58.960000 14.53546
25 5 2019-04-27T11:20:09.864000 14.56639
37 5 2019-04-25T09:01:08.474000 14.33228
43 5 2019-04-27T06:30:21.553000 14.35286
43 5 2019-04-27T06:30:21.553000 14.87577
43 5 2019-04-27T09:15:54.764000 14.64976
44 5 2019-04-27T07:10:30.194000 14.89867
44 5 2019-04-27T07:10:30.194000 13.90654
44 5 2019-04-27T09:30:41.872000 14.58129
45 5 2019-04-27T10:31:20.150000 14.49256
62 5 2019-04-25T09:04:55.813000 14.42445
69 5 2019-04-27T06:34:37.597000 14.83963
69 5 2019-04-27T06:34:37.597000 14.33895
69 5 2019-04-27T09:17:45.828000 14.64944
70 5 2019-04-27T07:18:15.652000 14.34661
70 5 2019-04-27T07:18:15.652000 14.76463
70 5 2019-04-27T09:34:28.326000 14.49877
71 5 2019-04-27T07:24:15.298000 14.60412
71 5 2019-04-27T07:24:15.298000 13.61195
71 5 2019-04-27T10:41:16.508000 14.45144
72 5 2019-04-27T11:02:42.878000 14.34754
92 5 2019-04-25T09:03:02.280000 14.43096
99 5 2019-04-25T09:55:27.534000 14.53768
100 5 2019-04-25T09:49:10.562000 14.47703
101 5 2019-04-25T09:57:24.151000 14.40043
101 5 2019-04-27T06:36:29.234000 14.25159
101 5 2019-04-27T06:36:29.234000 14.78287
101 5 2019-04-27T09:19:33.961000 14.59060
102 5 2019-04-27T06:59:00.964000 15.02260
102 5 2019-04-27T06:59:00.964000 14.21736
102 5 2019-04-27T09:43:47.662000 14.48604
102 5 2019-04-27T11:31:35.347000 14.69358
103 5 2019-04-27T07:16:21.775000 13.62508
103 5 2019-04-27T07:16:21.775000 14.63319
103 5 2019-04-27T10:23:35.412000 14.40197
127 5 2019-04-26T11:24:41.504000 14.57279
128 5 2019-04-25T09:06:51.293000 14.51624
128 5 2019-04-26T09:23:21.913000 15.02304
129 5 2019-04-26T08:23:31.176000 14.72602
132 5 2019-04-26T11:40:52.645000 15.09321
134 5 2019-04-25T09:40:22.506000 14.54576
135 5 2019-04-25T09:25:01.120000 14.51526
136 5 2019-04-25T09:44:50.192000 14.53527
138 5 2019-04-27T05:10:39.891000 9.39759
138 5 2019-04-27T06:38:19.489000 14.70895
138 5 2019-04-27T06:38:19.489000 14.19368
138 5 2019-04-27T09:21:24.673000 14.54864
139 5 2019-04-27T06:51:34.395000 14.07581
139 5 2019-04-27T06:51:34.395000 14.92289
139 5 2019-04-27T09:36:20.841000 14.45159
139 5 2019-04-27T11:16:18.557000 14.63399
139 5 2019-04-27T12:10:23.574000 14.25019
140 5 2019-04-27T07:04:36.698000 14.72324
140 5 2019-04-27T07:04:36.698000 14.00790
140 5 2019-04-27T10:15:44.090000 14.30666
140 5 2019-04-27T11:39:29.424000 14.35385
141 5 2019-04-27T11:00:48.734000 14.12171
168 5 2019-04-26T08:58:54.284000 14.60557
169 5 2019-04-25T09:08:43.091000 14.52323
169 5 2019-04-26T07:33:18.124000 14.84715
170 5 2019-04-26T07:17:39.614000 14.84134
171 5 2019-04-26T07:29:03.985000 14.87290
172 5 2019-04-26T08:02:52.751000 14.91964
173 5 2019-04-26T08:34:11.549000 14.30381
174 5 2019-04-25T10:24:53.681000 14.39310
174 5 2019-04-26T08:54:38.751000 14.73392
175 5 2019-04-25T09:18:35.756000 14.54663
175 5 2019-04-26T11:39:00.558000 15.10969
176 5 2019-04-25T09:29:28.060000 14.58265
180 5 2019-04-27T06:40:11.245000 14.68369
180 5 2019-04-27T06:40:11.245000 14.13777
180 5 2019-04-27T09:23:14.822000 14.53500
180 5 2019-04-27T12:01:02.395000 14.29134
181 5 2019-04-27T06:53:24.886000 14.01764
181 5 2019-04-27T06:53:24.886000 14.78897
181 5 2019-04-27T09:38:12.482000 14.35981
181 5 2019-04-27T11:18:09.973000 14.52959
181 5 2019-04-27T12:12:12.657000 14.18309
182 5 2019-04-27T07:02:45.849000 14.51334
182 5 2019-04-27T07:02:45.849000 13.88429
182 5 2019-04-27T10:09:55.216000 14.17019
182 5 2019-04-27T11:35:31.346000 14.26290
183 5 2019-04-27T07:32:12.696000 13.70220
183 5 2019-04-27T07:32:12.696000 14.03265
183 5 2019-04-27T10:58:57.758000 13.94652
212 5 2019-04-26T08:48:39.783000 14.48722
213 5 2019-04-25T12:10:04.630000 14.07185
213 5 2019-04-26T07:07:43.734000 14.81699
214 5 2019-04-25T11:52:50.241000 14.19090
215 5 2019-04-25T12:00:27.560000 14.28693
216 5 2019-04-25T11:56:36.085000 14.35718
216 5 2019-04-26T06:51:27.853000 14.52613
217 5 2019-04-25T12:02:20.147000 14.37998
217 5 2019-04-26T06:55:18.002000 14.53069
218 5 2019-04-26T07:13:47.115000 14.83370
219 5 2019-04-26T07:19:36.321000 14.81326
220 5 2019-04-26T07:45:05.379000 14.84908
221 5 2019-04-25T09:14:02.391000 14.54854
222 5 2019-04-25T10:01:50.494000 14.61084
222 5 2019-04-26T09:52:56.541000 14.46772
227 5 2019-04-27T06:42:06.278000 14.63884
227 5 2019-04-27T06:42:06.278000 14.08400
227 5 2019-04-27T09:25:04.813000 14.44674
227 5 2019-04-27T12:02:54.125000 14.20775
228 5 2019-04-27T06:57:06.808000 13.91797
228 5 2019-04-27T06:57:06.808000 14.59237
228 5 2019-04-27T09:40:03.507000 14.21997
228 5 2019-04-27T11:27:51.118000 14.40586
228 5 2019-04-27T12:15:55.957000 14.03696
229 5 2019-04-27T07:00:54.823000 13.74837
229 5 2019-04-27T07:00:54.823000 14.34091
229 5 2019-04-27T10:08:03.251000 14.01413
229 5 2019-04-27T11:29:42.943000 14.13946
229 5 2019-04-27T12:29:08.728000 13.27843
230 5 2019-04-27T07:30:21.662000 13.61914
230 5 2019-04-27T07:30:21.662000 13.98443
230 5 2019-04-27T10:53:01.437000 13.89547
262 5 2019-04-26T09:42:20.177000 14.25753
263 5 2019-04-26T09:34:01.444000 14.59509
264 5 2019-04-26T08:07:06.148000 14.82548
265 5 2019-04-26T07:37:10.425000 14.91303
267 5 2019-04-25T11:54:46.128000 14.36061
267 5 2019-04-26T06:49:37.779000 14.45628
268 5 2019-04-25T11:50:54.582000 14.37286
268 5 2019-04-26T06:47:47.397000 14.43604
269 5 2019-04-26T07:05:27.567000 14.78770
270 5 2019-04-26T07:21:26.638000 14.77305
271 5 2019-04-25T09:12:09.376000 14.56785
271 5 2019-04-26T07:57:08.394000 14.86048
272 5 2019-04-25T09:33:59.262000 14.60523
272 5 2019-04-26T07:55:17.340000 14.84043
273 5 2019-04-26T08:50:49.748000 14.74399
274 5 2019-04-26T10:15:58.356000 14.66595
275 5 2019-04-26T10:49:50.967000 15.09964
279 5 2019-04-27T06:43:57.277000 13.92733
279 5 2019-04-27T06:43:57.277000 14.53348
279 5 2019-04-27T09:26:54.135000 14.34896
279 5 2019-04-27T12:04:44.255000 14.13621
280 5 2019-04-27T06:55:16.804000 14.37875
280 5 2019-04-27T06:55:16.804000 13.73790
280 5 2019-04-27T09:41:53.494000 14.10552
280 5 2019-04-27T11:26:01.006000 14.20397
280 5 2019-04-27T12:14:04.883000 13.87461
281 5 2019-04-27T07:41:47.922000 13.88134
281 5 2019-04-27T07:41:47.922000 13.60943
281 5 2019-04-27T10:06:13.269000 13.73131
281 5 2019-04-27T11:22:10.341000 13.84781
281 5 2019-04-27T12:23:24.479000 13.50428
282 5 2019-04-27T08:06:40.223000 13.29999
282 5 2019-04-27T08:06:40.223000 13.50874
282 5 2019-04-27T10:47:07.123000 13.46019
318 5 2019-04-26T11:22:46.317000 14.67793
319 5 2019-04-26T09:29:40.220000 14.79250
320 5 2019-04-26T07:51:09.867000 14.83150
321 5 2019-04-25T08:19:20.673000 14.15629
322 5 2019-04-25T11:47:02.980000 14.26839
322 5 2019-04-26T06:43:58.201000 14.44726
323 5 2019-04-25T11:45:12.614000 14.29102
323 5 2019-04-26T06:40:09.314000 14.58827
324 5 2019-04-25T11:39:19.822000 14.32780
324 5 2019-04-26T06:36:26.082000 14.78879
325 5 2019-04-25T10:04:07.781000 14.58756
325 5 2019-04-25T11:31:42.939000 14.38173
325 5 2019-04-26T06:42:03.971000 14.38104
326 5 2019-04-25T10:13:42.415000 14.54768
326 5 2019-04-25T11:58:30.546000 14.39481
326 5 2019-04-26T06:57:12.318000 14.32500
327 5 2019-04-25T10:21:09.254000 14.47873
327 5 2019-04-26T07:39:24.930000 14.81120
328 5 2019-04-26T09:06:48.845000 14.96779
329 5 2019-04-26T08:11:09.998000 14.85161
331 5 2019-04-26T10:26:28.764000 15.04845
335 5 2019-04-27T06:45:48.291000 14.43531
335 5 2019-04-27T06:45:48.291000 13.92365
335 5 2019-04-27T09:28:44.931000 14.27808
335 5 2019-04-27T12:06:35.970000 14.06519
336 5 2019-04-27T07:06:30.926000 14.08543
336 5 2019-04-27T07:06:30.926000 13.66419
336 5 2019-04-27T09:45:49.188000 13.93845
336 5 2019-04-27T11:41:24.804000 13.89297
337 5 2019-04-27T07:39:56.895000 14.19098
337 5 2019-04-27T07:39:56.895000 13.74402
337 5 2019-04-27T10:04:21.361000 13.94985
337 5 2019-04-27T11:12:23.734000 14.04224
337 5 2019-04-27T12:21:32.963000 13.69297
338 5 2019-04-27T08:00:44.816000 13.70847
338 5 2019-04-27T08:00:44.816000 14.06005
338 5 2019-04-27T10:37:13.891000 13.90057
378 5 2019-04-26T08:29:52.922000 14.33098
379 5 2019-04-25T12:08:10.500000 13.95329
380 5 2019-04-25T08:21:15.034000 14.13111
380 5 2019-04-25T11:43:18.369000 14.11303
381 5 2019-04-25T11:16:05.644000 14.25552
381 5 2019-04-26T06:32:42.421000 14.81432
382 5 2019-04-25T11:02:38.669000 14.31287
382 5 2019-04-26T06:28:57.945000 14.88488
383 5 2019-04-25T10:58:44.474000 14.34281
383 5 2019-04-26T06:27:06.103000 14.89840
384 5 2019-04-25T09:59:33.701000 14.62164
384 5 2019-04-25T11:04:32.538000 14.31803
384 5 2019-04-26T06:38:16.763000 14.60716
385 5 2019-04-25T10:11:51.252000 14.54182
385 5 2019-04-25T11:20:14.060000 14.33094
385 5 2019-04-26T06:53:24.631000 14.29402
386 5 2019-04-25T10:22:58.228000 14.49020
386 5 2019-04-25T11:24:09.280000 14.39224
386 5 2019-04-26T07:11:52.522000 14.77142
387 5 2019-04-26T07:27:07.787000 14.81646
388 5 2019-04-26T08:09:18.954000 14.83502
389 5 2019-04-26T11:44:57.880000 14.84998
390 5 2019-04-26T08:52:42.209000 14.79188
391 5 2019-04-26T12:19:49.066000 14.78158
392 5 2019-04-26T10:09:30.744000 14.25929
395 5 2019-04-27T06:47:39.966000 14.23437
395 5 2019-04-27T06:47:39.966000 13.82457
395 5 2019-04-27T12:08:26.997000 13.95301
396 5 2019-04-27T07:12:29.323000 13.63209
396 5 2019-04-27T07:12:29.323000 13.46015
396 5 2019-04-27T09:47:39.812000 13.67423
397 5 2019-04-27T07:38:06.479000 13.22350
397 5 2019-04-27T07:38:06.479000 13.46177
397 5 2019-04-27T10:02:30.306000 13.36904
397 5 2019-04-27T11:10:32.461000 13.41998
397 5 2019-04-27T12:19:42.162000 13.22170
398 5 2019-04-27T07:58:54.816000 13.92377
398 5 2019-04-27T07:58:54.816000 13.60317
398 5 2019-04-27T10:33:24.671000 13.82311
440 5 2019-04-26T07:49:17.622000 14.86522
441 5 2019-04-25T11:48:57.730000 13.92980
442 5 2019-04-25T08:23:08.494000 14.07100
442 5 2019-04-25T12:04:15.802000 13.96066
443 5 2019-04-25T08:26:55.704000 14.14772
444 5 2019-04-25T08:59:05.831000 14.42776
445 5 2019-04-25T11:37:28.488000 14.28084
445 5 2019-04-26T06:34:33.322000 14.66878
446 5 2019-04-25T10:52:51.381000 14.37358
446 5 2019-04-26T06:30:50.255000 14.87542
447 5 2019-04-25T10:15:34.268000 14.42584
447 5 2019-04-25T10:39:26.273000 14.41295
447 5 2019-04-25T12:22:28.501000 14.27858
447 5 2019-04-26T06:45:53.366000 14.35942
448 5 2019-04-25T10:19:16.124000 14.48709
448 5 2019-04-25T10:45:09.059000 14.44209
448 5 2019-04-25T12:28:11.231000 14.08678
448 5 2019-04-26T07:01:40.618000 14.61869
449 5 2019-04-25T11:12:05.474000 14.38227
449 5 2019-04-26T07:15:43.029000 14.83880
450 5 2019-04-25T11:26:01.572000 14.38447
450 5 2019-04-26T07:31:02 14.81207
451 5 2019-04-26T07:53:23.202000 14.81320
452 5 2019-04-26T09:10:47.062000 14.92250
454 5 2019-04-26T09:57:24.186000 14.11603
459 5 2019-04-27T07:20:19.853000 13.51177
459 5 2019-04-27T07:20:19.853000 13.33538
459 5 2019-04-27T09:49:29.270000 13.51994
460 5 2019-04-27T07:36:16.544000 13.00841
460 5 2019-04-27T07:36:16.544000 13.18143
460 5 2019-04-27T10:00:39.205000 13.14818
460 5 2019-04-27T11:08:41.009000 13.14605
460 5 2019-04-27T12:17:51.254000 12.95757
461 5 2019-04-27T07:51:19.153000 13.48146
461 5 2019-04-27T07:51:19.153000 13.81064
461 5 2019-04-27T10:19:38.694000 13.69070
486 5 2019-04-27T03:29:05.894000 13.96351
505 5 2019-04-26T06:59:26.190000 14.80280
506 5 2019-04-26T07:35:15.761000 14.85129
507 5 2019-04-26T12:15:49.544000 14.61266
508 5 2019-04-25T08:25:02.422000 14.14916
509 5 2019-04-25T08:28:47.946000 14.15727
509 5 2019-04-26T12:29:40.474000 14.08017
510 5 2019-04-25T08:57:14.757000 14.37847
510 5 2019-04-26T12:01:20.038000 14.84358
511 5 2019-04-26T10:45:38.590000 15.05444
512 5 2019-04-25T09:22:45.861000 14.63116
512 5 2019-04-26T09:21:24.014000 14.83083
513 5 2019-04-25T10:17:25.705000 14.43107
513 5 2019-04-25T12:06:12.263000 14.39839
513 5 2019-04-26T07:03:31.698000 14.69949
514 5 2019-04-25T10:41:16.820000 14.36517
514 5 2019-04-25T12:24:20.098000 14.26883
514 5 2019-04-26T07:09:59.960000 14.80337
515 5 2019-04-25T10:35:37.519000 14.42227
515 5 2019-04-25T12:18:39.928000 14.44712
515 5 2019-04-26T07:23:22.631000 14.80386
516 5 2019-04-25T11:06:26.322000 14.37994
516 5 2019-04-26T07:41:17.516000 14.78154
517 5 2019-04-25T11:29:46.552000 14.40098
517 5 2019-04-26T07:59:03.542000 14.81295
518 5 2019-04-26T08:17:32.414000 14.72844
520 5 2019-04-26T12:21:41.361000 14.69248
522 5 2019-04-26T11:04:42.790000 14.73065
525 5 2019-04-27T07:28:23.904000 13.42172
525 5 2019-04-27T07:28:23.904000 13.27835
525 5 2019-04-27T09:51:19.913000 13.36318
526 5 2019-04-27T07:45:40.096000 13.00980
526 5 2019-04-27T07:45:40.096000 12.96181
526 5 2019-04-27T09:58:47.549000 12.98366
526 5 2019-04-27T11:24:05.006000 12.99627
526 5 2019-04-27T12:27:11.780000 12.74275
527 5 2019-04-27T07:47:32.396000 13.91333
527 5 2019-04-27T07:47:32.396000 13.45274
527 5 2019-04-27T10:17:42.552000 13.76056
527 5 2019-04-27T11:33:34.234000 13.73449
527 5 2019-04-27T12:31:05.111000 12.96190
528 5 2019-04-27T08:10:38.567000 13.79631
528 5 2019-04-27T08:10:38.567000 14.23797
528 5 2019-04-27T10:57:01.007000 14.14135
555 5 2019-04-27T03:27:11.055000 13.91221
572 5 2019-04-26T08:13:20.375000 14.17354
576 5 2019-04-25T08:32:35.338000 14.15208
577 5 2019-04-25T08:30:41.416000 14.19934
578 5 2019-04-25T08:55:22.644000 14.34435
580 5 2019-04-25T09:16:18.762000 14.51357
581 5 2019-04-25T09:51:23.023000 14.54103
582 5 2019-04-26T11:02:26.912000 14.75411
583 5 2019-04-25T11:27:52.576000 14.36233
583 5 2019-04-26T07:25:14.207000 14.82665
584 5 2019-04-25T10:31:51.752000 14.40091
584 5 2019-04-25T12:14:53.426000 14.46391
584 5 2019-04-26T07:43:07.769000 14.83357
585 5 2019-04-25T11:00:41.248000 14.38542
585 5 2019-04-26T08:00:55.061000 14.82064
586 5 2019-04-25T11:33:39.208000 14.38838
586 5 2019-04-26T08:19:23.315000 14.71881
587 5 2019-04-26T08:40:53.767000 14.49477
588 5 2019-04-26T11:26:44.784000 15.01457
590 5 2019-04-26T12:25:44.451000 14.60759
591 5 2019-04-26T10:28:23.473000 14.67118
594 5 2019-04-27T07:53:12.837000 12.89922
594 5 2019-04-27T07:53:12.837000 12.97608
594 5 2019-04-27T09:56:55.602000 12.91660
595 5 2019-04-27T07:43:43.543000 13.54288
595 5 2019-04-27T07:43:43.543000 13.26536
595 5 2019-04-27T10:13:45.111000 13.46342
595 5 2019-04-27T11:14:18.325000 13.44270
595 5 2019-04-27T12:25:21.218000 13.12544
596 5 2019-04-27T08:16:15.281000 13.79744
596 5 2019-04-27T08:16:15.281000 14.09878
596 5 2019-04-27T10:35:18.705000 14.01782
649 5 2019-04-25T08:53:29.396000 14.23915
649 5 2019-04-25T09:53:15.706000 14.47910
650 5 2019-04-25T09:20:52.602000 14.51684
654 5 2019-04-26T07:47:02.590000 14.81328
655 5 2019-04-25T10:33:43.606000 14.43537
655 5 2019-04-25T12:16:46.049000 14.45887
655 5 2019-04-26T08:04:52.805000 14.78455
656 5 2019-04-25T10:56:47.591000 14.38108
656 5 2019-04-26T08:21:15.750000 14.70277
657 5 2019-04-25T11:35:29.246000 14.35691
657 5 2019-04-26T08:42:44.530000 14.68765
658 5 2019-04-26T09:01:06.297000 14.80459
659 5 2019-04-26T12:17:53.965000 14.68443
660 5 2019-04-26T12:07:51.932000 14.66731
662 5 2019-04-26T10:13:59.778000 13.98377
664 5 2019-04-27T07:22:14.405000 11.98121
664 5 2019-04-27T07:22:14.405000 12.99913
664 5 2019-04-27T09:55:04.801000 12.98283
665 5 2019-04-27T07:49:24.830000 12.97542
665 5 2019-04-27T07:49:24.830000 13.18553
665 5 2019-04-27T10:11:54.739000 13.11863
665 5 2019-04-27T11:37:29.752000 13.05574
666 5 2019-04-27T08:14:24.435000 14.02943
666 5 2019-04-27T08:14:24.435000 13.55983
666 5 2019-04-27T10:29:18.326000 13.89496
709 5 2019-04-27T04:45:20.837000 14.89002
709 5 2019-04-27T04:45:20.837000 14.58084
709 5 2019-04-27T06:28:14.195000 14.49636
710 5 2019-04-27T04:30:31.569000 14.57096
710 5 2019-04-27T04:30:31.569000 14.96403
710 5 2019-04-27T06:15:41.968000 14.65577
720 5 2019-04-25T08:34:30.230000 14.14682
721 5 2019-04-25T08:51:36.493000 14.23664
721 5 2019-04-25T09:27:13.474000 14.52383
721 5 2019-04-26T10:05:22.965000 14.82337
722 5 2019-04-25T09:38:07.718000 14.52741
722 5 2019-04-26T09:40:21.197000 14.25803
723 5 2019-04-26T10:07:15.847000 14.83845
727 5 2019-04-26T08:27:39.226000 14.32269
728 5 2019-04-25T10:37:31.863000 14.35283
728 5 2019-04-25T12:20:33.645000 14.36847
728 5 2019-04-26T08:25:48.706000 14.33714
729 5 2019-04-25T11:08:20.368000 14.30599
729 5 2019-04-26T08:46:28.916000 14.75356
730 5 2019-04-25T11:41:18.307000 14.36579
730 5 2019-04-26T09:04:50.918000 14.83645
731 5 2019-04-26T09:19:08.947000 14.63011
733 5 2019-04-26T11:20:36.889000 14.59388
735 5 2019-04-26T10:32:52.238000 13.55043
736 5 2019-04-27T09:53:14.135000 12.78556
737 5 2019-04-27T07:55:06.059000 13.20373
737 5 2019-04-27T07:55:06.059000 13.04924
737 5 2019-04-27T10:21:33.485000 13.17397
738 5 2019-04-27T08:12:33.060000 13.58023
738 5 2019-04-27T08:12:33.060000 13.88120
738 5 2019-04-27T10:27:27.341000 13.79656
783 5 2019-04-27T04:15:11.426000 14.92992
783 5 2019-04-27T04:15:11.426000 14.53566
783 5 2019-04-27T06:00:01.368000 14.67052
783 5 2019-04-27T08:54:48.577000 13.82518
784 5 2019-04-27T04:07:09.344000 14.51228
784 5 2019-04-27T04:07:09.344000 15.04286
784 5 2019-04-27T05:52:25.281000 14.66657
784 5 2019-04-27T08:50:57.251000 14.20697
793 5 2019-04-25T08:36:23.796000 14.15633
794 5 2019-04-25T08:40:09.992000 14.13922
794 5 2019-04-25T09:36:15.417000 14.49082
794 5 2019-04-26T11:53:32.552000 14.66023
795 5 2019-04-25T09:42:38.117000 14.44861
795 5 2019-04-26T09:48:39.424000 14.28399
796 5 2019-04-26T08:31:50.858000 14.59301
797 5 2019-04-26T08:15:35.736000 14.58181
798 5 2019-04-26T10:30:37.627000 14.99039
801 5 2019-04-26T12:05:55.579000 14.78687
802 5 2019-04-25T10:43:12.543000 14.33437
802 5 2019-04-25T12:26:14.998000 14.16773
802 5 2019-04-26T08:44:37.267000 14.72901
803 5 2019-04-25T11:10:09.443000 14.30119
803 5 2019-04-26T09:02:59.621000 14.90086
804 5 2019-04-26T09:17:18.094000 14.65507
805 5 2019-04-26T09:36:11.930000 13.34965
807 5 2019-04-26T11:08:30.071000 14.21364
809 5 2019-04-26T10:47:52.416000 13.13989
810 5 2019-04-27T08:04:36.361000 12.94236
810 5 2019-04-27T08:04:36.361000 13.07449
810 5 2019-04-27T10:45:07.301000 13.03262
811 5 2019-04-27T07:56:57.277000 13.62845
811 5 2019-04-27T07:56:57.277000 11.52050
811 5 2019-04-27T10:25:37.797000 13.58790
812 5 2019-04-27T08:20:05.394000 14.23211
812 5 2019-04-27T08:20:05.394000 13.66836
812 5 2019-04-27T10:49:06.193000 14.10375
857 5 2019-04-27T04:34:56.357000 14.90296
857 5 2019-04-27T04:34:56.357000 14.51491
857 5 2019-04-27T06:20:04.004000 14.61894
858 5 2019-04-27T03:51:53.295000 15.00491
858 5 2019-04-27T03:51:53.295000 14.43297
858 5 2019-04-27T05:36:01.532000 14.64117
858 5 2019-04-27T08:37:43.085000 14.27352
859 5 2019-04-27T04:03:13.679000 14.48146
859 5 2019-04-27T04:03:13.679000 15.03887
859 5 2019-04-27T05:48:27.907000 14.57841
859 5 2019-04-27T08:49:05.767000 14.34878
867 5 2019-04-25T08:38:16.308000 14.07205
867 5 2019-04-25T10:06:06.209000 14.14967
868 5 2019-04-25T08:42:08.453000 14.07885
868 5 2019-04-25T09:31:41.910000 14.48546
868 5 2019-04-26T11:55:24.275000 14.65347
869 5 2019-04-25T08:49:41.428000 14.11996
869 5 2019-04-26T09:55:11.057000 14.62702
870 5 2019-04-26T09:38:29.820000 13.99278
871 5 2019-04-26T08:38:35.099000 14.79739
872 5 2019-04-26T08:36:12.748000 14.71990
873 5 2019-04-26T12:27:42.127000 14.47459
876 5 2019-04-25T11:22:10.577000 14.22843
876 5 2019-04-26T08:56:40.020000 14.86134
877 5 2019-04-25T10:48:58.137000 14.23773
877 5 2019-04-25T12:32:00.868000 13.49884
877 5 2019-04-26T09:12:42.730000 14.66191
878 5 2019-04-26T09:31:51.155000 13.44847
879 5 2019-04-26T09:50:56.259000 14.13446
880 5 2019-04-26T11:06:39.373000 14.39561
881 5 2019-04-26T12:31:44.630000 13.70660
882 5 2019-04-26T12:11:48.528000 13.44751
883 5 2019-04-26T11:00:14.462000 13.20675
884 5 2019-04-27T08:02:44.514000 13.03286
884 5 2019-04-27T08:02:44.514000 13.19024
884 5 2019-04-27T10:43:17.314000 13.14465
885 5 2019-04-27T08:18:11.463000 13.67586
885 5 2019-04-27T08:18:11.463000 13.98762
885 5 2019-04-27T10:39:13.760000 13.87684
932 5 2019-04-27T03:53:45.045000 14.45735
932 5 2019-04-27T03:53:45.045000 15.03988
932 5 2019-04-27T05:37:57.400000 14.61875
932 5 2019-04-27T08:39:34.585000 14.24507
933 5 2019-04-27T03:40:34.655000 15.03667
933 5 2019-04-27T03:40:34.655000 14.33112
933 5 2019-04-27T05:23:44.060000 14.60972
933 5 2019-04-27T08:28:18.201000 14.30906
934 5 2019-04-27T04:21:32.469000 14.48913
934 5 2019-04-27T04:21:32.469000 15.09195
934 5 2019-04-27T06:06:39.256000 14.58306
934 5 2019-04-27T09:01:09.323000 14.34303
936 5 2019-04-26T06:24:01.149000 14.43976
941 5 2019-04-25T09:47:00.019000 14.24253
942 5 2019-04-25T08:44:01.110000 14.04362
942 5 2019-04-25T10:09:51.856000 14.15410
943 5 2019-04-25T08:47:48.256000 14.05391
943 5 2019-04-26T12:13:52.531000 14.04355
944 5 2019-04-26T10:43:40.514000 14.82531
945 5 2019-04-26T10:11:45.413000 14.91868
946 5 2019-04-26T09:15:00.143000 14.51747
947 5 2019-04-26T11:18:21.182000 14.86503
950 5 2019-04-26T09:08:49.302000 14.71151
951 5 2019-04-25T10:47:08.152000 14.17619
951 5 2019-04-25T12:30:09.846000 13.68417
951 5 2019-04-26T09:27:27.625000 13.54293
952 5 2019-04-26T09:46:23.511000 14.26415
953 5 2019-04-26T10:03:07.511000 14.11399
954 5 2019-04-26T10:24:28.110000 14.36266
956 5 2019-04-26T10:58:23.490000 13.09176
957 5 2019-04-26T11:16:04.616000 12.53468
958 5 2019-04-27T08:08:39.822000 13.64906
958 5 2019-04-27T08:08:39.822000 13.37605
958 5 2019-04-27T10:51:00.477000 13.57242
1006 5 2019-04-27T04:09:02.958000 14.45390
1006 5 2019-04-27T04:09:02.958000 14.89525
1006 5 2019-04-27T05:54:18.913000 14.58969
1007 5 2019-04-27T03:36:15.225000 14.30985
1007 5 2019-04-27T03:36:15.225000 14.99294
1007 5 2019-04-27T05:19:22.513000 14.59034
1007 5 2019-04-27T08:26:27.874000 14.34232
1008 5 2019-04-27T03:50:00.025000 14.39922
1008 5 2019-04-27T03:50:00.025000 15.06624
1008 5 2019-04-27T05:34:09.502000 14.55966
1008 5 2019-04-27T08:35:50.958000 14.34869
1009 5 2019-04-27T04:49:40.519000 14.48006
1009 5 2019-04-27T04:49:40.519000 14.88555
1009 5 2019-04-27T06:32:29.241000 14.54715
1015 5 2019-04-25T10:08:01.021000 14.12452
1016 5 2019-04-25T08:45:55.310000 14.02895
1020 5 2019-04-26T11:35:07.064000 14.55556
1021 5 2019-04-26T11:36:58.125000 14.57176
1024 5 2019-04-26T09:25:36.029000 13.43696
1025 5 2019-04-25T10:50:51.430000 14.08134
1025 5 2019-04-25T12:33:54.722000 12.91929
1025 5 2019-04-26T09:44:32.361000 14.21866
1026 5 2019-04-26T10:01:16.402000 14.05272
1027 5 2019-04-26T10:22:37.450000 14.48306
1028 5 2019-04-26T10:41:21.804000 14.11171
1030 5 2019-04-26T11:14:12.883000 12.11271
1031 5 2019-04-26T11:32:49.109000 12.71056
1080 5 2019-04-27T04:17:37.828000 14.87748
1080 5 2019-04-27T04:17:37.828000 14.42965
1080 5 2019-04-27T06:01:57.498000 14.55803
1081 5 2019-04-27T03:44:21.419000 14.96771
1081 5 2019-04-27T03:44:21.419000 14.32662
1081 5 2019-04-27T05:27:36.250000 14.55881
1081 5 2019-04-27T08:32:04.386000 14.32475
1082 5 2019-04-27T03:48:09.019000 14.31846
1082 5 2019-04-27T03:48:09.019000 15.02037
1082 5 2019-04-27T05:32:18.738000 14.54780
1082 5 2019-04-27T08:33:55.672000 14.41433
1083 5 2019-04-27T04:12:53.313000 15.05672
1083 5 2019-04-27T04:12:53.313000 14.47836
1083 5 2019-04-27T05:58:07.700000 14.59106
1083 5 2019-04-27T08:52:53.078000 14.42351
1097 5 2019-04-26T11:57:24.368000 14.70853
1098 5 2019-04-25T10:54:49.473000 14.07744
1098 5 2019-04-26T09:59:24.302000 14.21376
1099 5 2019-04-26T10:20:45.517000 14.50319
1100 5 2019-04-26T10:36:42.292000 14.23182
1101 5 2019-04-26T10:51:52.034000 13.61550
1102 5 2019-04-26T11:10:26.019000 12.73010
1103 5 2019-04-26T11:29:04.185000 11.99949
1104 5 2019-04-26T11:49:08.850000 12.98578
1154 5 2019-04-27T04:01:18.296000 14.88870
1154 5 2019-04-27T04:01:18.296000 14.32736
1154 5 2019-04-27T05:46:32.073000 14.56480
1154 5 2019-04-27T08:47:10.985000 14.10487
1155 5 2019-04-27T03:42:29.065000 14.95984
1155 5 2019-04-27T03:42:29.065000 14.27601
1155 5 2019-04-27T05:25:38.478000 14.54984
1155 5 2019-04-27T08:30:12.575000 14.45207
1156 5 2019-04-27T03:55:39.576000 14.30548
1156 5 2019-04-27T03:55:39.576000 14.94304
1156 5 2019-04-27T05:39:53.659000 14.49518
1156 5 2019-04-27T08:41:30.019000 14.36280
1169 5 2019-04-25T10:27:07.442000 14.14626
1170 5 2019-04-25T11:14:04.774000 14.02081
1170 5 2019-04-26T10:18:23.304000 14.58212
1171 5 2019-04-26T10:34:49.378000 14.32989
1172 5 2019-04-26T10:53:42.733000 13.68724
1173 5 2019-04-26T11:12:18.888000 12.66460
1174 5 2019-04-26T11:30:55.435000 12.17713
1175 5 2019-04-26T11:47:17.130000 12.09965
1176 5 2019-04-26T12:03:36.107000 13.08454
1226 5 2019-04-27T03:57:30.508000 14.87856
1226 5 2019-04-27T03:57:30.508000 14.29267
1226 5 2019-04-27T05:41:44.359000 14.55490
1226 5 2019-04-27T08:45:20.083000 14.22535
1227 5 2019-04-27T03:46:15.492000 14.88494
1227 5 2019-04-27T03:46:15.492000 14.20793
1227 5 2019-04-27T05:29:56.410000 14.45374
1227 5 2019-04-27T08:43:23.110000 14.33036
1228 5 2019-04-27T03:59:24.222000 14.27313
1228 5 2019-04-27T03:59:24.222000 14.91666
1228 5 2019-04-27T05:44:05.772000 14.42428
1228 5 2019-04-27T08:56:47.300000 14.30486
1240 5 2019-04-25T10:28:58.646000 13.97069
1240 5 2019-04-26T10:39:03.385000 14.63827
1241 5 2019-04-25T11:18:13.053000 13.70271
1241 5 2019-04-26T10:56:05.003000 14.18512
1243 5 2019-04-26T11:59:20.004000 12.16586
1244 5 2019-04-26T11:51:30.483000 11.07625
1245 5 2019-04-26T12:09:53.166000 11.06798
1246 5 2019-04-26T12:23:44.177000 12.82935
1293 5 2019-04-26T05:03:40.499000 14.64010
1296 5 2019-04-27T04:05:11.372000 14.69515
1296 5 2019-04-27T04:05:11.372000 14.24041
1296 5 2019-04-27T05:50:27.946000 14.45238
1297 5 2019-04-27T04:10:59.533000 14.22513
1297 5 2019-04-27T04:10:59.533000 14.75866
1297 5 2019-04-27T05:56:15.937000 14.53620
1297 5 2019-04-27T09:05:38.930000 13.82012
1298 5 2019-04-27T04:19:34.593000 14.72898
1298 5 2019-04-27T04:19:34.593000 14.23544
1298 5 2019-04-27T06:04:19.027000 14.49773
1298 5 2019-04-27T09:07:29.363000 13.85829
1299 5 2019-04-27T04:28:12.545000 14.17905
1299 5 2019-04-27T04:28:12.545000 14.72521
1299 5 2019-04-27T06:13:22.839000 14.46243
1299 5 2019-04-27T09:11:50.680000 13.95704
1309 5 2019-04-26T11:42:58.543000 14.12552
1312 5 2019-04-27T11:54:19.056000 8.36765
1315 5 2019-04-27T11:51:52.757000 13.46695
