328 2 2019-04-25T08:54:46.999 20.61000
277 2 2019-04-25T08:55:26.000 20.40000
327 2 2019-04-25T08:56:05.001 20.62000
326 2 2019-04-25T08:57:22.000 20.88000
325 2 2019-04-25T08:58:02.004 20.89000
330 2 2019-04-25T09:01:23.998 20.30000
331 2 2019-04-25T09:02:02.999 20.20000
382 2 2019-04-25T09:02:42.000 19.89000
487 2 2019-04-25T09:05:26.998 20.00000
436 2 2019-04-25T09:06:05.999 19.59000
437 2 2019-04-25T09:06:45.000 19.82000
489 2 2019-04-25T09:07:24.001 20.04000
540 2 2019-04-25T09:08:03.002 20.22000
591 2 2019-04-25T09:08:42.003 20.26000
363 2 2019-04-26T03:23:05.001 20.10000
413 2 2019-04-26T03:23:45.997 20.53000
563 2 2019-04-26T03:24:36.999 20.21000
837 2 2019-04-26T03:27:13.997 20.49000
782 2 2019-04-26T03:28:02.001 20.90000
1747 2 2019-04-26T03:28:45.002 20.75000
1748 2 2019-04-26T03:29:24.996 21.23000
1749 2 2019-04-26T03:30:06.002 21.20000
414 2 2019-04-26T03:31:16.997 20.91000
570 2 2019-04-26T03:32:01.000 21.26000
619 2 2019-04-26T03:32:40.001 21.42000
618 2 2019-04-26T03:33:19.002 21.38000
667 2 2019-04-26T03:34:02.004 21.15000
514 2 2019-04-26T03:34:56.004 20.45000
564 2 2019-04-26T03:35:34.996 20.81000
661 2 2019-04-26T03:36:55.996 20.93000
813 2 2019-04-26T03:41:30.998 21.01000
838 2 2019-04-26T03:42:11.002 21.04000
839 2 2019-04-26T03:44:12.998 21.06000
858 2 2019-04-26T03:44:51.999 21.03000
710 2 2019-04-26T03:48:13.000 21.57000
752 2 2019-04-26T03:54:17.997 21.20000
712 2 2019-04-26T03:54:56.998 21.17000
819 2 2019-04-26T03:56:20.996 21.43000
788 2 2019-04-26T03:57:03.004 21.67000
754 2 2019-04-26T03:57:42.998 21.44000
418 1 2019-04-26T04:21:01.996 21.10000
363 1 2019-04-26T04:23:06.999 20.87000
413 1 2019-04-26T04:23:48.998 20.56000
619 1 2019-04-26T04:24:34.998 21.22000
618 1 2019-04-26T04:25:15.001 21.10000
514 1 2019-04-26T04:26:03.998 20.12000
564 1 2019-04-26T04:26:42.999 19.80000
563 1 2019-04-26T04:27:23.003 19.47000
624 1 2019-04-26T04:34:28.998 21.14000
625 1 2019-04-26T04:35:09.001 21.45000
756 1 2019-04-26T04:42:36.000 21.38000
820 1 2019-04-26T04:47:37.000 21.46000
754 1 2019-04-26T04:50:19.000 21.80000
819 1 2019-04-26T04:52:19.001 21.53000
813 1 2019-04-26T04:57:52.004 20.63000
782 1 2019-04-26T04:59:48.998 20.46000
370 1 2019-04-26T05:01:50.002 21.01000
421 1 2019-04-26T05:02:29.003 21.00000
472 1 2019-04-26T05:03:08.004 21.19000
524 1 2019-04-26T05:03:46.996 21.22000
471 1 2019-04-27T04:32:51.996 21.69000
523 1 2019-04-27T04:33:30.997 21.62000
574 1 2019-04-27T04:34:09.998 21.50000
623 1 2019-04-27T04:34:48.999 21.77000
789 1 2019-04-27T04:43:42.001 21.91000
818 1 2019-04-27T04:45:46.002 21.62000
842 1 2019-04-27T04:46:25.003 21.57000
753 1 2019-04-27T04:48:23.000 21.67000
713 1 2019-04-27T04:49:02.001 21.88000
787 1 2019-04-27T04:49:42.997 21.72000
817 1 2019-04-27T04:51:41.003 21.68000
751 1 2019-04-27T04:53:41.004 21.51000
786 1 2019-04-27T04:54:19.996 21.60000
711 1 2019-04-27T04:58:30.996 21.66000
668 1 2019-04-27T04:59:09.997 21.47000
669 1 2019-04-27T04:59:50.001 21.57000
620 1 2019-04-27T05:00:33.002 21.64000
422 1 2019-04-27T05:01:39.003 21.19000
525 1 2019-04-27T05:02:56.996 21.52000
575 1 2019-04-27T05:03:35.997 21.58000
473 1 2019-04-27T05:04:17.003 21.41000
576 1 2019-04-27T05:06:54.000 21.45000
577 1 2019-04-27T05:07:33.001 21.32000
672 1 2019-04-27T05:09:33.002 21.71000
673 1 2019-04-27T05:11:33.003 21.65000
674 1 2019-04-27T05:12:12.004 21.49000
717 1 2019-04-27T05:14:51.999 21.23000
757 1 2019-04-27T05:16:52.000 21.31000
821 1 2019-04-27T05:18:50.999 20.82000
845 1 2019-04-27T05:20:49.004 21.72000
844 1 2019-04-27T05:22:09.002 21.13000
790 1 2019-04-27T05:24:09.003 21.53000
755 1 2019-04-27T05:24:48.004 21.67000
843 1 2019-04-27T05:26:50.001 21.14000
714 1 2019-04-27T05:29:30.998 21.59000
671 1 2019-04-27T05:30:51.998 21.56000
423 1 2019-04-27T05:31:49.999 21.18000
474 1 2019-04-27T05:32:29.000 21.32000
526 1 2019-04-27T05:33:08.001 21.40000
475 1 2019-04-27T05:33:47.002 21.52000
424 1 2019-04-27T05:34:26.003 21.32000
425 1 2019-04-27T05:35:05.997 21.21000
476 1 2019-04-27T05:35:44.998 21.47000
527 1 2019-04-27T05:36:22.997 21.37000
626 1 2019-04-27T05:38:21.002 21.76000
578 1 2019-04-27T05:39:00.003 21.70000
528 1 2019-04-27T05:40:21.003 21.31000
579 1 2019-04-27T05:41:00.004 21.57000
627 1 2019-04-27T05:41:38.996 21.74000
628 1 2019-04-27T05:42:17.997 21.80000
675 1 2019-04-27T05:42:56.998 21.71000
718 1 2019-04-27T05:44:16.996 21.71000
422 2 2019-04-27T06:35:02.000 21.36000
423 2 2019-04-27T06:35:42.003 21.01000
474 2 2019-04-27T06:36:21.004 21.41000
526 2 2019-04-27T06:36:59.003 21.43000
475 2 2019-04-27T06:37:38.004 21.53000
527 2 2019-04-27T06:38:17.998 21.71000
578 2 2019-04-27T06:38:55.997 21.83000
627 2 2019-04-27T06:39:36.000 21.70000
674 2 2019-04-27T06:42:47.998 21.70000
844 2 2019-04-27T07:28:37.998 21.48000
676 2 2019-04-27T07:47:51.999 21.59000
480 1 2019-04-27T09:16:13.002 21.79000
631 1 2019-04-27T09:16:56.997 22.18000
583 1 2019-04-27T09:22:21.999 21.84000
533 1 2019-04-27T09:23:01.000 21.97000
632 1 2019-04-27T09:23:42.999 22.24000
584 1 2019-04-27T09:24:22.000 21.92000
633 1 2019-04-27T09:24:59.999 22.00000
585 1 2019-04-27T09:25:40.002 22.05000
679 1 2019-04-27T09:27:40.003 22.16000
680 1 2019-04-27T09:29:40.004 22.08000
481 1 2019-04-27T09:31:24.997 21.84000
534 1 2019-04-27T09:32:06.996 21.79000
535 1 2019-04-27T09:33:31.003 21.52000
634 1 2019-04-27T09:35:34.996 21.92000
681 1 2019-04-27T09:38:13.998 21.96000
848 2 2019-04-27T11:20:56.996 21.49000
826 2 2019-04-27T11:21:35.997 21.70000
827 2 2019-04-27T11:25:37.001 21.65000
849 2 2019-04-27T11:26:16.002 21.51000
828 2 2019-04-27T11:28:13.999 21.38000
799 2 2019-04-27T11:28:55.004 21.53000
587 1 2019-04-27T11:34:11.004 21.23000
268 1 2019-04-28T05:23:54.004 21.00000
417 1 2019-04-28T05:26:36.004 21.35000
469 1 2019-04-28T05:27:15.998 21.62000
470 1 2019-04-28T05:27:54.999 21.51000
522 1 2019-04-28T05:28:34.000 21.79000
573 1 2019-04-28T05:29:13.001 21.94000
572 1 2019-04-28T05:29:52.996 21.67000
571 1 2019-04-28T05:30:31.997 21.50000
322 1 2019-04-28T05:32:12.998 21.27000
323 1 2019-04-28T05:32:53.002 21.14000
324 1 2019-04-28T05:33:32.003 21.06000
374 1 2019-04-28T05:34:11.004 21.33000
373 1 2019-04-28T05:34:49.996 21.47000
372 1 2019-04-28T05:35:29.999 21.60000
321 1 2019-04-28T05:36:09.000 21.37000
371 1 2019-04-28T05:38:45.004 21.66000
791 1 2019-04-28T05:46:50.002 21.98000
716 1 2019-04-28T05:47:32.001 22.12000
862 1 2019-04-28T05:48:20.998 21.84000
715 1 2019-04-28T05:51:45.999 22.03000
622 1 2019-04-28T05:53:52.999 21.98000
1667 1 2019-04-28T05:54:32.000 22.07000
1668 1 2019-04-28T05:55:12.003 22.03000
1619 1 2019-04-28T05:55:51.004 22.02000
1618 1 2019-04-28T05:56:30.998 21.97000
1666 1 2019-04-28T05:57:09.999 21.99000
1712 1 2019-04-28T05:57:50.003 21.98000
1713 1 2019-04-28T05:58:29.997 21.89000
1753 1 2019-04-28T05:59:08.998 21.97000
1790 1 2019-04-28T05:59:49.001 21.94000
1791 1 2019-04-28T06:00:29.998 21.98000
420 2 2019-04-28T06:06:58.003 20.99000
419 2 2019-04-28T06:07:37.004 21.20000
470 2 2019-04-28T06:08:15.996 21.28000
522 2 2019-04-28T06:08:54.997 21.36000
573 2 2019-04-28T06:09:33.998 21.50000
521 2 2019-04-28T06:10:14.002 21.21000
469 2 2019-04-28T06:10:53.003 21.40000
417 2 2019-04-28T06:11:33.999 21.02000
468 2 2019-04-28T06:12:13.000 21.20000
467 2 2019-04-28T06:12:52.001 20.83000
520 2 2019-04-28T06:13:31.002 20.95000
571 2 2019-04-28T06:14:10.003 20.94000
572 2 2019-04-28T06:14:49.998 21.25000
622 2 2019-04-28T06:15:28.999 21.56000
621 2 2019-04-28T06:16:08.000 21.60000
666 2 2019-04-28T06:16:52.003 21.38000
665 2 2019-04-28T06:17:31.998 21.19000
709 2 2019-04-28T06:18:12.001 21.29000
750 2 2019-04-28T06:18:51.002 21.08000
841 2 2019-04-28T06:21:40.000 21.43000
816 2 2019-04-28T06:22:19.001 21.48000
785 2 2019-04-28T06:24:16.004 21.38000
749 2 2019-04-28T06:24:55.999 21.14000
784 2 2019-04-28T06:25:35.000 20.93000
815 2 2019-04-28T06:27:32.003 20.82000
783 2 2019-04-28T06:28:53.003 20.60000
814 2 2019-04-28T06:29:32.004 20.92000
268 2 2019-04-28T06:31:31.002 20.61000
859 2 2019-04-28T06:36:00.000 20.95000
840 2 2019-04-28T06:37:57.003 20.80000
860 2 2019-04-28T06:38:44.998 21.18000
861 2 2019-04-28T06:41:28.000 21.33000
862 2 2019-04-28T06:42:15.002 21.26000
791 2 2019-04-28T06:42:58.997 21.72000
716 2 2019-04-28T06:46:23.998 21.63000
715 2 2019-04-28T06:47:04.001 21.81000
670 2 2019-04-28T06:48:22.997 21.43000
427 2 2019-04-28T07:21:47.002 21.33000
529 2 2019-04-28T07:22:27.998 21.38000
