808 1 2019-09-10T11:10:42.2 20.5 
1691 2 2019-09-11T08:00:21.2 20.5 
511 1 2019-09-12T11:29:32.2 20.5 
1493 2 2019-09-11T10:29:53.9 20.5 
510 1 2019-09-11T12:29:09.8 20.5 
1650 2 2019-09-11T10:52:25.8 20.5 
838 1 2019-09-12T10:44:22.2 20.5 
247 1 2019-09-10T09:01:58.3 20.5 
721 1 2019-09-12T03:17:09.5 20.5 
294 1 2019-09-12T08:08:04.1 20.5 
1838 2 2019-09-11T09:35:57.0 20.5 
1770 2 2019-09-11T10:39:36.6 20.5 
295 1 2019-09-12T08:32:10.4 20.5 
740 1 2019-09-12T11:56:17.2 20.5 
599 3 2019-09-10T09:37:46.3 20.5 
250 1 2019-09-10T12:03:52.6 20.5 
1645 2 2019-09-11T10:15:28.1 20.5 
392 1 2019-09-10T08:54:12.0 20.5 
552 1 2019-09-10T10:23:38.0 20.5 
612 1 2019-09-12T11:44:53.0 20.5 
1553 2 2019-09-11T10:57:37.3 20.5 
443 1 2019-09-10T08:54:51.1 20.5 
550 1 2019-09-10T10:03:52.2 20.5 
431 1 2019-09-11T04:04:30.7 20.5 
557 1 2019-09-12T11:32:21.3 20.5 
1780 2 2019-09-11T09:53:44.5 20.5 
1692 2 2019-09-10T09:10:40.3 20.5 
1807 2 2019-09-10T09:15:54.7 20.5 
867 1 2019-09-12T10:15:03.5 20.5 
694 1 2019-09-10T10:18:06.5 20.5 
1693 2 2019-09-11T09:16:33.9 20.5 
298 1 2019-09-12T10:03:10.4 20.5 
812 1 2019-09-12T11:51:34.0 20.5 
1841 2 2019-09-11T09:43:15.6 20.5 
770 3 2019-09-10T09:43:45.0 20.5 
851 3 2019-09-10T09:47:45.0 20.5 
506 1 2019-09-12T11:03:00.2 20.5 
1502 2 2019-09-11T11:59:16.9 20.5 
1652 2 2019-09-11T09:59:00.0 20.5 
1649 2 2019-09-11T10:41:16.9 20.5 
775 1 2019-09-12T09:22:58.9 20.5 
386 1 2019-09-11T03:32:52.0 20.5 
834 1 2019-09-12T09:20:04.2 20.5 
553 1 2019-09-10T10:25:37.4 20.5 
1809 2 2019-09-10T09:21:12.9 20.5 
558 1 2019-09-12T11:33:39.2 20.5 
395 1 2019-09-12T08:07:25.2 20.5 
658 1 2019-09-12T11:42:52.3 20.5 
1735 2 2019-09-10T09:18:36.9 20.5 
582 1 2019-09-11T04:11:41.0 20.5 
253 1 2019-09-11T11:30:57.4 20.5 
1736 2 2019-09-10T09:25:10.1 20.5 
1701 2 2019-09-11T11:47:30.5 20.5 
1551 2 2019-09-11T10:49:06.0 20.5 
631 1 2019-09-11T04:12:20.0 20.5 
1653 2 2019-09-10T12:33:02.7 20.5 
349 1 2019-09-12T10:32:46.5 20.5 
742 1 2019-09-12T11:52:57.6 20.5 
248 1 2019-09-12T09:01:21.7 20.5 
502 1 2019-09-10T10:26:16.4 20.5 
1739 2 2019-09-11T09:50:27.8 20.5 
439 1 2019-09-11T08:49:28.5 20.5 
1656 2 2019-09-11T12:23:16.1 20.5 
602 1 2019-09-10T10:22:16.8 20.5 
803 3 2019-09-10T09:45:43.5 20.5 
1774 2 2019-09-10T09:17:19.0 20.5 
880 1 2019-09-12T08:12:33.2 20.5 
773 3 2019-09-12T09:11:27.7 20.5 
441 1 2019-09-10T08:55:34.0 20.5 
1882 2 2019-09-11T12:15:49.6 20.5 
454 1 2019-09-12T10:37:22.9 20.5 
293 1 2019-09-11T07:39:26.2 20.5 
332 1 2019-09-11T03:00:01.1 20.5 
1839 2 2019-09-11T09:39:15.5 20.5 
483 1 2019-09-11T04:05:09.8 20.5 
347 1 2019-09-12T09:02:03.3 20.5 
407 1 2019-09-10T11:58:27.4 20.5 
508 1 2019-09-11T11:58:38.0 20.5 
297 1 2019-09-12T08:33:30.5 20.5 
697 1 2019-09-10T10:15:19.8 20.5 
738 1 2019-09-12T09:23:38.1 20.5 
650 1 2019-09-10T10:19:31.6 20.5 
1549 2 2019-09-11T10:43:52.9 20.5 
858 1 2019-09-12T10:43:00.3 20.5 
731 3 2019-09-10T08:37:43.9 20.5 
1782 2 2019-09-11T12:18:40.9 20.5 
661 1 2019-09-12T11:25:35.1 20.5 
1598 2 2019-09-11T10:10:13.7 20.5 
1603 2 2019-09-11T10:56:19.3 20.5 
871 1 2019-09-12T10:43:40.5 20.5 
1779 2 2019-09-11T09:49:48.3 20.5 
450 1 2019-09-10T10:28:13.6 20.5 
1545 2 2019-09-11T10:28:35.8 20.5 
1445 2 2019-09-11T11:29:30.0 20.5 
1690 2 2019-09-11T10:20:41.5 20.5 
1777 2 2019-09-10T09:26:32.3 20.5 
1496 2 2019-09-11T10:06:16.8 20.5 
1596 2 2019-09-11T10:23:19.4 20.5 
701 1 2019-09-12T11:50:10.6 20.5 
444 1 2019-09-11T07:40:46.8 20.5 
1702 2 2019-09-11T12:21:17.7 20.5 
678 1 2019-09-11T04:12:59.1 20.5 
1555 2 2019-09-11T11:54:40.9 20.5 
769 3 2019-09-10T08:39:06.0 20.5 
548 1 2019-09-10T09:37:07.5 20.5 
1865 2 2019-09-11T12:17:12.5 20.5 
1600 2 2019-09-11T10:42:35.0 20.5 
705 1 2019-09-12T11:46:11.2 20.5 
1813 2 2019-09-11T09:48:30.3 20.5 
1550 2 2019-09-11T10:46:30.1 20.5 
1781 2 2019-09-11T11:42:13.6 20.5 
451 1 2019-09-10T11:29:33.9 20.5 
559 1 2019-09-12T11:38:51.9 20.5 
698 1 2019-09-10T11:09:21.6 20.5 
1837 2 2019-09-11T09:34:36.0 20.5 
1734 2 2019-09-10T09:09:21.2 20.5 
734 3 2019-09-10T09:42:26.0 20.5 
499 1 2019-09-10T09:33:49.9 20.5 
381 1 2019-09-11T04:03:12.3 20.5 
1497 2 2019-09-11T10:45:10.9 20.5 
870 1 2019-09-12T08:35:32.2 20.5 
400 1 2019-09-10T11:30:12.8 20.5 
604 1 2019-09-10T10:30:10.6 20.5 
735 1 2019-09-10T10:09:52.2 20.5 
1602 2 2019-09-11T10:53:43.7 20.5 
399 1 2019-09-10T10:27:34.7 20.5 
692 2 2019-09-10T09:07:23.0 20.5 
1742 2 2019-09-11T11:43:31.3 20.5 
504 1 2019-09-10T11:31:48.1 20.5 
852 1 2019-09-10T09:50:24.0 20.5 
601 1 2019-09-10T10:20:54.4 20.5 
863 1 2019-09-12T03:35:05.7 20.5 
654 1 2019-09-12T11:59:52.3 20.5 
1778 2 2019-09-10T09:30:27.8 20.5 
865 3 2019-09-11T03:54:18.9 20.5 
1805 2 2019-09-11T09:04:00.9 20.5 
501 1 2019-09-10T10:24:16.8 20.5 
872 1 2019-09-11T12:11:25.6 20.5 
869 1 2019-09-12T09:14:04.5 20.5 
737 1 2019-09-12T09:16:06.8 20.5 
350 2 2019-09-12T09:32:58.6 20.5 
1607 2 2019-09-11T12:25:55.1 20.5 
500 3 2019-09-10T10:02:33.9 20.5 
448 1 2019-09-10T10:01:55.0 20.5 
1443 2 2019-09-11T10:07:34.9 20.5 
1775 2 2019-09-10T09:19:54.9 20.5 
453 1 2019-09-12T11:03:39.2 20.5 
505 1 2019-09-11T10:50:23.7 20.5 
494 1 2019-09-12T10:22:27.0 20.5 
679 1 2019-09-12T03:16:29.7 20.5 
252 1 2019-09-10T11:30:59.2 20.5 
689 3 2019-09-10T08:38:23.0 20.5 
647 3 2019-09-10T09:39:05.1 20.5 
1700 2 2019-09-11T11:46:11.3 20.5 
1806 2 2019-09-11T09:33:15.8 20.5 
560 1 2019-09-11T11:54:02.0 20.5 
835 1 2019-09-12T09:21:24.5 20.5 
877 1 2019-09-12T10:14:19.5 20.5 
630 1 2019-09-11T04:13:39.7 20.5 
1604 2 2019-09-11T11:56:02.0 20.5 
609 1 2019-09-12T11:40:10.4 20.5 
1498 2 2019-09-11T11:28:12.0 20.5 
745 1 2019-09-12T11:48:08.6 20.5 
1648 2 2019-09-11T10:03:41.2 20.5 
296 1 2019-09-12T08:09:24.4 20.5 
606 1 2019-09-12T12:00:37.0 20.5 
533 1 2019-09-11T03:03:47.3 20.5 
1743 2 2019-09-11T11:44:51.1 20.5 
1646 2 2019-09-11T10:14:08.9 20.5 
739 1 2019-09-10T11:10:00.6 20.5 
746 1 2019-09-12T11:46:50.1 20.5 
781 1 2019-09-12T11:47:29.7 20.5 
644 1 2019-09-11T06:40:52.4 20.5 
1812 2 2019-09-11T09:44:33.4 20.5 
805 1 2019-09-10T09:52:24.0 20.5 
1810 2 2019-09-10T09:22:33.5 20.5 
657 1 2019-09-12T11:42:12.7 20.5 
633 1 2019-09-11T03:05:46.9 20.5 
1601 2 2019-09-11T10:47:47.9 20.5 
299 1 2019-09-12T10:33:25.6 20.5 
402 1 2019-09-12T09:29:56.1 20.5 
549 3 2019-09-10T09:36:28.2 20.5 
1698 2 2019-09-11T09:56:21.9 20.5 
1695 2 2019-09-11T09:27:06.9 20.5 
648 1 2019-09-10T10:06:33.6 20.5 
556 1 2019-09-12T12:07:38.0 20.5 
1552 2 2019-09-11T10:55:01.4 20.5 
605 1 2019-09-10T11:28:13.1 20.5 
534 1 2019-09-11T03:03:08.1 20.5 
868 3 2019-09-12T09:09:25.1 20.5 
733 3 2019-09-10T09:43:06.1 20.5 
1836 2 2019-09-11T09:05:20.1 20.5 
300 1 2019-09-10T12:04:31.4 20.5 
1503 2 2019-09-11T12:30:28.0 20.5 
837 1 2019-09-12T11:21:25.1 20.5 
831 3 2019-09-10T09:49:45.0 20.5 
700 1 2019-09-12T11:53:37.4 20.5 
249 1 2019-09-12T10:02:31.5 20.5 
452 1 2019-09-12T09:29:16.9 20.5 
1814 2 2019-09-11T11:39:34.7 20.5 
352 1 2019-09-12T11:01:39.7 20.5 
498 1 2019-09-10T09:34:29.0 20.5 
1840 2 2019-09-11T09:21:46.3 20.5 
397 1 2019-09-10T09:31:52.6 20.5 
774 1 2019-09-10T10:16:02.7 20.5 
866 3 2019-09-10T09:06:28.0 20.5 
1606 2 2019-09-11T11:51:25.2 20.5 
482 1 2019-09-11T03:02:29.0 20.5 
346 1 2019-09-12T08:32:49.3 20.5 
596 1 2019-09-10T09:04:49.3 20.5 
736 2 2019-09-10T09:53:02.9 20.5 
433 1 2019-09-12T03:06:32.9 20.5 
1696 2 2019-09-11T09:28:25.8 20.5 
677 1 2019-09-11T03:12:30.1 20.5 
653 1 2019-09-10T11:35:10.6 20.5 
809 1 2019-09-12T11:19:58.6 20.5 
597 3 2019-09-10T09:58:25.5 20.5 
251 1 2019-09-10T12:03:13.1 20.5 
447 1 2019-09-10T09:33:10.9 20.5 
1772 2 2019-09-10T09:14:36.1 20.5 
643 1 2019-09-11T06:40:12.8 20.5 
1842 2 2019-09-11T11:38:13.5 20.5 
836 1 2019-09-12T11:20:41.2 20.5 
406 1 2019-09-12T11:35:36.4 20.5 
655 1 2019-09-12T11:40:52.9 20.5 
1651 2 2019-09-11T10:00:18.9 20.5 
398 1 2019-09-10T10:01:16.2 20.5 
864 1 2019-09-11T07:04:59.3 20.5 
772 3 2019-09-10T09:51:44.9 20.5 
607 1 2019-09-12T11:33:00.4 20.5 
561 1 2019-09-11T12:27:12.9 20.5 
1741 2 2019-09-11T09:55:02.7 20.5 
403 2 2019-09-12T10:00:23.9 20.5 
301 1 2019-09-12T10:35:22.8 20.5 
703 1 2019-09-12T11:48:50.3 20.5 
1655 2 2019-09-11T11:48:48.6 20.5 
380 1 2019-09-11T04:03:51.6 20.5 
854 1 2019-09-12T09:13:24.5 20.5 
497 3 2019-09-10T09:35:49.1 20.5 
832 1 2019-09-10T10:13:11.1 20.5 
857 1 2019-09-12T10:45:03.5 20.5 
1697 2 2019-09-11T09:29:45.1 20.5 
1863 2 2019-09-11T09:40:33.3 20.5 
1862 2 2019-09-11T09:37:15.0 20.5 
776 1 2019-09-10T11:38:22.3 20.5 
856 1 2019-09-12T09:22:08.9 20.5 
430 1 2019-09-11T04:07:46.5 20.5 
598 1 2019-09-10T09:38:25.8 20.5 
771 1 2019-09-10T10:10:34.4 20.5 
341 1 2019-09-10T08:53:33.0 20.5 
656 1 2019-09-12T11:41:32.6 20.5 
1843 2 2019-09-11T11:40:52.8 20.5 
554 1 2019-09-10T10:29:31.7 20.5 
603 1 2019-09-10T10:24:58.4 20.5 
780 1 2019-09-12T11:22:44.2 20.5 
1773 2 2019-09-10T09:11:58.2 20.5 
720 1 2019-09-11T04:14:57.9 20.5 
600 1 2019-09-10T10:04:31.5 20.5 
810 1 2019-09-12T10:45:50.4 20.5 
547 1 2019-09-10T09:59:04.4 20.5 
458 1 2019-09-12T11:36:54.7 20.5 
1737 2 2019-09-10T09:27:50.3 20.5 
385 1 2019-09-11T03:32:12.7 20.5 
401 1 2019-09-12T09:30:35.3 20.5 
387 1 2019-09-12T05:00:55.8 20.5 
404 1 2019-09-12T11:31:00.8 20.5 
651 1 2019-09-10T10:18:51.8 20.5 
1599 2 2019-09-11T10:03:02.2 20.5 
704 1 2019-09-12T11:24:02.5 20.5 
811 1 2019-09-12T11:22:04.0 20.5 
608 1 2019-09-12T11:39:30.8 20.5 
699 1 2019-09-12T11:56:56.4 20.5 
649 1 2019-09-12T08:10:18.2 20.5 
833 3 2019-09-12T09:12:45.5 20.5 
509 1 2019-09-11T12:29:49.1 20.5 
345 1 2019-09-12T08:08:43.2 20.5 
334 1 2019-09-11T02:58:40.6 20.5 
853 1 2019-09-10T10:13:50.3 20.5 
584 1 2019-09-11T03:04:26.5 20.5 
690 3 2019-09-10T09:05:31.9 20.5 
1644 2 2019-09-11T10:24:37.7 20.5 
1771 2 2019-09-11T10:36:59.6 20.5 
384 1 2019-09-11T02:59:19.7 20.5 
747 1 2019-09-12T10:39:42.2 20.5 
383 1 2019-09-12T03:01:52.1 20.5 
702 1 2019-09-12T11:49:30.5 20.5 
1605 2 2019-09-11T11:52:43.9 20.5 
874 1 2019-09-11T03:56:33.0 20.5 
292 1 2019-09-10T08:52:50.7 20.5 
1811 2 2019-09-11T09:41:56.9 20.5 
507 1 2019-09-11T12:00:34.8 20.5 
645 3 2019-09-10T09:41:06.4 20.5 
855 1 2019-09-12T09:20:45.2 20.5 
696 1 2019-09-12T09:24:17.0 20.5 
456 1 2019-09-12T11:34:57.6 20.5 
719 1 2019-09-11T04:16:16.0 20.5 
777 1 2019-09-12T11:55:38.0 20.5 
1740 2 2019-09-11T09:52:25.6 20.5 
743 1 2019-09-12T11:50:51.1 20.5 
1499 2 2019-09-11T10:51:02.6 20.5 
646 1 2019-09-10T10:05:14.6 20.5 
1554 2 2019-09-10T12:31:42.2 20.5 
555 1 2019-09-10T11:28:52.2 20.5 
1546 2 2019-09-11T10:27:17.7 20.5 
348 1 2019-09-12T08:34:09.7 20.5 
459 1 2019-09-12T11:30:11.3 20.5 
1495 2 2019-09-11T11:26:47.4 20.5 
741 1 2019-09-12T11:54:58.7 20.5 
1699 2 2019-09-11T09:57:40.9 20.5 
285 1 2019-09-11T03:31:31.1 20.5 
693 1 2019-09-10T10:05:53.8 20.5 
302 1 2019-09-12T10:36:02.4 20.5 
532 1 2019-09-11T04:11:02.1 20.5 
1657 2 2019-09-11T12:24:35.1 20.5 
503 1 2019-09-10T10:28:52.6 20.5 
1738 2 2019-09-10T09:29:09.7 20.5 
691 3 2019-09-10T09:41:45.4 20.5 
779 1 2019-09-12T11:52:17.4 20.5 
408 1 2019-09-10T11:57:48.1 20.5 
1732 2 2019-09-11T10:38:17.6 20.5 
481 1 2019-09-11T04:08:25.8 20.5 
1547 2 2019-09-11T10:08:55.5 20.5 
1595 2 2019-09-11T10:25:55.7 20.5 
496 1 2019-09-10T09:04:04.3 20.5 
732 2 2019-09-11T05:01:15.3 20.5 
1808 2 2019-09-10T09:12:37.5 20.5 
1733 2 2019-09-10T09:08:02.2 20.5 
246 1 2019-09-10T09:02:37.8 20.5 
610 1 2019-09-12T11:43:32.0 20.5 
446 1 2019-09-11T07:59:33.6 20.5 
806 1 2019-09-10T10:14:33.7 20.5 
804 1 2019-09-10T10:11:13.4 20.5 
782 1 2019-09-12T10:40:21.1 20.5 
744 1 2019-09-12T11:23:23.3 20.5 
1654 2 2019-09-11T11:50:07.1 20.5 
1556 2 2019-09-11T12:27:51.8 20.5 
659 1 2019-09-12T11:27:35.4 20.5 
1548 2 2019-09-11T10:02:23.3 20.5 
551 1 2019-09-10T10:03:12.8 20.5 
1647 2 2019-09-11T10:12:50.4 20.5 
778 1 2019-09-12T11:54:19.0 20.5 
830 3 2019-09-10T09:46:23.6 20.5 
807 1 2019-09-12T09:19:25.1 20.5 
1744 2 2019-09-11T12:19:59.7 20.5 
660 1 2019-09-11T12:22:35.6 20.5 
353 1 2019-09-12T10:36:41.3 20.5 
583 1 2019-09-11T03:05:05.9 20.5 
611 1 2019-09-12T11:28:14.3 20.5 
1776 2 2019-09-10T09:23:51.8 20.5 
396 1 2019-09-10T09:32:31.9 20.5 
802 3 2019-09-10T09:44:24.7 20.5 
676 1 2019-09-11T04:15:37.1 20.5 
449 1 2019-09-10T10:26:55.5 20.5 
344 1 2019-09-12T08:06:46.1 20.5 
1597 2 2019-09-11T10:11:31.9 20.5 
351 1 2019-09-12T10:34:43.8 20.5 
393 1 2019-09-11T07:40:07.8 20.5 
652 1 2019-09-10T11:05:58.7 20.5 
335 1 2019-09-11T02:58:01.4 20.5 
457 1 2019-09-12T11:36:15.4 20.5 
1694 2 2019-09-11T09:25:48.0 20.5 
1864 2 2019-09-11T12:14:31.8 20.5 
695 2 2019-09-10T09:53:43.6 20.5 
