1867 3 2019-12-13T04:34:15.3 20.5 30
1844 2 2019-12-13T04:34:55.5 20.5 30
1844 3 2019-12-13T04:35:34.6 20.5 30
837 1 2019-12-13T04:36:13.9 20.5 30
1866 2 2019-12-13T04:36:52.8 20.5 30
810 1 2019-12-13T04:37:34.9 20.5 30
1842 2 2019-12-13T04:38:14.1 20.5 30
1842 3 2019-12-13T04:38:53.1 20.5 30
809 1 2019-12-13T04:39:32.5 20.5 30
603 1 2019-12-13T04:52:15.6 20.5 30
552 1 2019-12-13T04:52:55.5 20.5 30
553 1 2019-12-13T04:53:34.7 20.5 30
604 1 2019-12-13T04:54:14.8 20.5 30
554 1 2019-12-13T04:55:36.0 20.5 30
410 1 2019-12-13T05:25:01.9 20.5 30
409 1 2019-12-13T05:25:41.2 20.5 30
458 1 2019-12-13T05:26:22.4 20.5 30
408 1 2019-12-13T05:27:01.6 20.5 30
357 1 2019-12-13T05:27:40.7 20.5 30
306 1 2019-12-13T05:28:19.9 20.5 30
356 1 2019-12-13T05:28:59.0 20.5 30
305 1 2019-12-13T05:29:38.2 20.5 30
355 1 2019-12-13T05:30:17.2 20.5 30
553 1 2019-12-13T05:34:01.6 20.5 30
604 1 2019-12-13T05:35:24.4 20.5 30
603 1 2019-12-13T05:36:04.0 20.5 30
653 1 2019-12-13T05:36:47.8 20.5 30
652 1 2019-12-13T05:37:27.5 20.5 30
651 1 2019-12-13T05:38:07.2 20.5 30
697 1 2019-12-13T05:40:48.8 20.5 30
739 1 2019-12-13T05:52:53.7 20.5 30
699 1 2019-12-13T05:53:36.3 20.5 30
740 1 2019-12-13T05:54:15.5 20.5 30
741 3 2019-12-13T05:55:41.9 20.5 30
700 1 2019-12-13T05:56:21.0 20.5 30
741 1 2019-12-13T05:56:59.9 20.5 30
742 1 2019-12-13T06:12:30.6 20.5 30
742 3 2019-12-13T06:13:51.0 20.5 30
778 1 2019-12-13T06:14:30.2 20.5 30
810 3 2019-12-13T06:15:09.2 20.5 30
778 3 2019-12-13T06:15:48.4 20.5 30
810 1 2019-12-13T06:16:27.3 20.5 30
777 3 2019-12-13T06:19:47.7 20.5 30
809 1 2019-12-13T06:20:26.5 20.5 30
777 1 2019-12-13T06:21:05.7 20.5 30
809 3 2019-12-13T06:21:44.6 20.5 30
776 1 2019-12-13T06:25:44.5 20.5 30
304 1 2019-12-13T06:32:01.3 20.5 30
355 1 2019-12-13T06:34:04.0 20.5 30
811 1 2019-12-13T06:36:40.3 20.5 30
811 3 2019-12-13T06:38:03.6 20.5 30
811 1 2019-12-13T06:40:06.8 20.5 30
837 1 2019-12-13T06:40:45.9 20.5 30
778 1 2019-12-13T06:41:30.0 20.5 30
777 1 2019-12-13T06:42:11.2 20.5 30
741 1 2019-12-13T06:42:50.1 20.5 30
740 1 2019-12-13T06:43:31.1 20.5 30
699 1 2019-12-13T06:44:10.0 20.5 30
698 1 2019-12-13T06:44:50.2 20.5 30
697 1 2019-12-13T06:45:30.3 20.5 30
651 1 2019-12-13T06:48:12.3 20.5 30
603 1 2019-12-13T06:48:51.2 20.5 30
739 1 2019-12-13T06:53:31.3 20.5 30
776 1 2019-12-13T06:54:10.5 20.5 30
837 1 2019-12-13T07:03:46.6 20.5 30
812 3 2019-12-13T07:04:27.1 20.5 30
837 3 2019-12-13T07:05:10.8 20.5 30
812 1 2019-12-13T07:05:51.4 20.5 30
838 1 2019-12-13T07:10:42.2 20.5 30
1867 2 2019-12-13T07:11:21.2 20.5 30
1867 3 2019-12-13T07:12:00.1 20.5 30
812 1 2019-12-13T07:12:40.3 20.5 30
810 1 2019-12-13T07:22:11.9 20.5 30
809 1 2019-12-13T07:25:31.8 20.5 30
742 1 2019-12-13T07:28:56.1 20.5 30
700 1 2019-12-13T07:29:38.1 20.5 30
306 1 2019-12-13T07:31:29.7 20.5 30
305 1 2019-12-13T07:32:09.0 20.5 30
356 1 2019-12-13T07:32:48.1 20.5 30
458 1 2019-12-13T07:34:09.0 20.5 30
408 1 2019-12-13T07:34:48.2 20.5 30
357 1 2019-12-13T07:35:27.1 20.5 30
409 1 2019-12-13T07:36:06.1 20.5 30
838 3 2019-12-13T07:40:02.6 20.5 30
410 1 2019-12-13T09:58:08.8 20.5 30
425 1 2019-12-13T13:35:28.5 20.5 30
476 1 2019-12-13T13:36:07.4 20.5 30
527 1 2019-12-13T13:36:46.9 20.5 30
528 1 2019-12-13T13:37:26.1 20.5 30
477 1 2019-12-13T13:38:05.3 20.5 30
698 1 2019-12-14T01:45:36.9 20.5 30
739 1 2019-12-14T01:46:16.0 20.5 30
697 1 2019-12-14T02:21:29.7 20.5 30
653 1 2019-12-14T02:22:10.9 20.5 30
652 1 2019-12-14T02:22:50.6 20.5 30
604 1 2019-12-14T02:24:09.4 20.5 30
554 1 2019-12-14T02:25:27.8 20.5 30
552 1 2019-12-14T02:28:08.4 20.5 30
554 1 2019-12-14T02:54:37.4 20.5 30
552 1 2019-12-14T02:57:22.6 20.5 30
809 1 2019-12-14T03:23:29.5 20.5 30
739 1 2019-12-14T03:24:12.4 20.5 30
809 3 2019-12-14T03:24:55.3 20.5 30
740 1 2019-12-14T03:25:36.9 20.5 30
697 1 2019-12-14T03:26:19.4 20.5 30
698 1 2019-12-14T03:26:59.6 20.5 30
652 1 2019-12-14T03:27:38.7 20.5 30
604 1 2019-12-14T03:28:20.4 20.5 30
777 2 2019-12-14T03:41:18.9 20.5 180
740 2 2019-12-14T03:44:28.5 20.5 180
698 2 2019-12-14T03:47:37.6 20.5 180
739 2 2019-12-14T03:50:49.5 20.5 180
741 2 2019-12-14T03:54:04.6 20.5 180
699 2 2019-12-14T03:57:13.8 20.5 180
652 2 2019-12-14T04:00:26.6 20.5 180
604 2 2019-12-14T04:03:45.0 20.5 180
603 2 2019-12-14T04:06:59.5 20.5 180
553 2 2019-12-14T04:10:08.4 20.5 180
776 2 2019-12-14T04:14:09.5 20.5 180
742 2 2019-12-14T04:17:26.1 20.5 180
458 2 2019-12-14T04:20:51.4 20.5 180
407 2 2019-12-14T04:24:00.6 20.5 180
459 2 2019-12-14T04:27:11.7 20.5 180
408 2 2019-12-14T04:30:20.7 20.5 180
356 2 2019-12-14T04:33:29.6 20.5 180
460 2 2019-12-14T04:36:42.6 20.5 180
778 3 2019-12-14T04:40:10.2 20.5 30
741 1 2019-12-14T04:40:49.9 20.5 30
699 1 2019-12-14T04:41:28.8 20.5 30
698 1 2019-12-14T04:42:09.0 20.5 30
740 1 2019-12-14T04:42:48.1 20.5 30
776 1 2019-12-14T04:43:27.0 20.5 30
739 1 2019-12-14T04:44:06.0 20.5 30
697 1 2019-12-14T04:46:44.2 20.5 30
809 1 2019-12-14T04:55:17.2 20.5 30
777 1 2019-12-14T04:55:56.4 20.5 30
653 1 2019-12-14T04:56:40.5 20.5 30
651 1 2019-12-14T04:57:23.9 20.5 30
652 1 2019-12-14T04:58:03.4 20.5 30
603 1 2019-12-14T04:58:43.7 20.5 30
604 1 2019-12-14T04:59:22.9 20.5 30
553 1 2019-12-14T05:00:03.1 20.5 30
811 3 2019-12-14T05:13:10.8 20.5 30
742 3 2019-12-14T05:13:52.3 20.5 30
812 3 2019-12-14T05:32:00.2 20.5 30
700 1 2019-12-14T05:34:03.7 20.5 30
742 1 2019-12-14T05:34:43.6 20.5 30
778 1 2019-12-14T05:35:22.5 20.5 30
810 1 2019-12-14T05:36:01.5 20.5 30
1842 2 2019-12-14T05:36:40.4 20.5 30
1842 3 2019-12-14T05:37:19.4 20.5 30
1843 2 2019-12-14T05:38:38.6 20.5 30
1843 3 2019-12-14T05:39:17.5 20.5 30
811 1 2019-12-14T05:39:56.4 20.5 30
1815 2 2019-12-14T05:41:15.3 20.5 30
1815 3 2019-12-14T05:41:54.2 20.5 30
411 2 2019-12-14T06:02:44.6 20.5 180
410 2 2019-12-14T06:05:53.9 20.5 180
357 2 2019-12-14T06:09:05.0 20.5 180
408 2 2019-12-14T06:12:13.9 20.5 180
356 2 2019-12-14T06:15:23.0 20.5 180
306 2 2019-12-14T06:18:32.3 20.5 180
359 2 2019-12-14T06:21:46.5 20.5 180
358 2 2019-12-14T06:24:55.7 20.5 180
307 2 2019-12-14T06:28:04.9 20.5 180
409 2 2019-12-14T06:31:16.5 20.5 180
460 2 2019-12-14T06:34:25.5 20.5 180
459 2 2019-12-14T06:37:34.8 20.5 180
458 2 2019-12-14T06:40:44.0 20.5 180
407 2 2019-12-14T06:43:53.0 20.5 180
305 2 2019-12-14T06:47:04.6 20.5 180
256 2 2019-12-14T06:50:13.7 20.5 180
308 2 2019-12-14T06:53:28.2 20.5 180
360 2 2019-12-14T06:56:39.2 20.5 180
777 2 2019-12-14T07:00:35.6 20.5 180
740 2 2019-12-14T07:03:45.2 20.5 180
698 2 2019-12-14T07:06:54.3 20.5 180
739 2 2019-12-14T07:10:03.4 20.5 180
741 2 2019-12-14T07:13:18.6 20.5 180
699 2 2019-12-14T07:16:28.8 20.5 180
652 2 2019-12-14T07:19:41.7 20.5 180
604 2 2019-12-14T07:22:50.7 20.5 180
603 2 2019-12-14T07:26:00.2 20.5 180
553 2 2019-12-14T07:29:09.1 20.5 180
651 2 2019-12-14T07:32:20.7 20.5 180
697 2 2019-12-14T07:35:29.6 20.5 180
1738 2 2019-12-14T07:38:38.5 20.5 180
776 2 2019-12-14T07:41:49.1 20.5 180
1779 2 2019-12-14T07:45:01.5 20.5 180
742 2 2019-12-14T07:48:12.6 20.5 180
778 2 2019-12-14T07:51:21.5 20.5 180
810 2 2019-12-14T07:54:30.6 20.5 180
837 2 2019-12-14T07:57:44.8 20.5 180
812 2 2019-12-14T08:00:55.3 20.5 180
411 2 2019-12-14T08:06:02.7 20.5 180
410 2 2019-12-14T08:09:12.0 20.5 180
359 2 2019-12-14T08:12:21.0 20.5 180
357 2 2019-12-14T08:15:33.7 20.5 180
408 2 2019-12-14T08:18:42.8 20.5 180
356 2 2019-12-14T08:21:51.7 20.5 180
306 2 2019-12-14T08:25:00.7 20.5 180
358 2 2019-12-14T08:28:11.7 20.5 180
307 2 2019-12-14T08:31:20.7 20.5 180
257 2 2019-12-14T08:34:29.6 20.5 180
305 2 2019-12-14T08:37:40.6 20.5 180
256 2 2019-12-14T08:40:49.6 20.5 180
409 2 2019-12-14T08:44:03.7 20.5 180
460 2 2019-12-14T08:47:12.6 20.5 180
459 2 2019-12-14T08:50:21.9 20.5 180
458 2 2019-12-14T08:53:31.2 20.5 180
407 2 2019-12-14T08:56:40.3 20.5 180
777 2 2019-12-14T09:00:19.5 20.5 180
740 2 2019-12-14T09:03:28.8 20.5 180
698 2 2019-12-14T09:06:37.7 20.5 180
739 2 2019-12-14T09:09:46.6 20.5 180
741 2 2019-12-14T09:13:01.8 20.5 180
699 2 2019-12-14T09:16:10.9 20.5 180
652 2 2019-12-14T09:19:23.8 20.5 180
697 2 2019-12-14T09:22:32.9 20.5 180
1738 2 2019-12-14T09:25:41.8 20.5 180
776 2 2019-12-14T09:28:52.0 20.5 180
1779 2 2019-12-14T09:32:04.3 20.5 180
742 2 2019-12-14T09:35:15.8 20.5 180
778 2 2019-12-14T09:38:24.7 20.5 180
810 2 2019-12-14T09:41:33.9 20.5 180
837 2 2019-12-14T09:44:48.0 20.5 180
812 2 2019-12-14T09:47:58.5 20.5 180
360 2 2019-12-14T09:51:54.7 20.5 180
308 2 2019-12-14T09:55:05.6 20.5 180
258 2 2019-12-14T09:58:14.6 20.5 180
309 2 2019-12-14T10:01:25.7 20.5 180
812 1 2019-12-14T10:09:18.2 20.5 30
838 1 2019-12-14T10:09:57.9 20.5 30
374 1 2019-12-14T13:34:36.1 20.5 30
426 1 2019-12-14T13:35:15.0 20.5 30
478 1 2019-12-14T13:35:53.9 20.5 30
631 1 2019-12-14T13:37:16.0 20.5 30
678 1 2019-12-14T13:37:55.0 20.5 30
776 1 2019-12-16T02:23:39.5 20.5 30
739 1 2019-12-16T02:24:18.9 20.5 30
698 1 2019-12-16T02:24:58.3 20.5 30
697 1 2019-12-16T02:25:38.3 20.5 30
651 1 2019-12-16T02:28:19.8 20.5 30
652 1 2019-12-16T02:28:59.5 20.5 30
604 1 2019-12-16T02:30:18.2 20.5 30
603 1 2019-12-16T03:29:40.7 20.5 30
777 3 2019-12-16T03:33:02.1 20.5 30
777 3 2019-12-16T03:33:41.5 20.5 30
777 3 2019-12-16T03:34:20.4 20.5 30
777 3 2019-12-16T03:34:59.4 20.5 30
777 3 2019-12-16T03:35:38.4 20.5 30
777 3 2019-12-16T03:36:17.5 20.5 30
777 3 2019-12-16T03:36:56.6 20.5 30
777 3 2019-12-16T03:37:35.7 20.5 30
777 3 2019-12-16T03:38:14.6 20.5 30
777 3 2019-12-16T03:38:53.7 20.5 30
777 3 2019-12-16T03:39:32.7 20.5 30
777 3 2019-12-16T03:40:11.7 20.5 30
777 3 2019-12-16T03:40:50.6 20.5 30
777 3 2019-12-16T03:41:29.7 20.5 30
777 3 2019-12-16T03:42:08.9 20.5 30
777 3 2019-12-16T03:42:48.1 20.5 30
777 3 2019-12-16T03:43:27.4 20.5 30
777 3 2019-12-16T03:44:06.5 20.5 30
777 3 2019-12-16T03:44:45.9 20.5 30
777 3 2019-12-16T03:45:25.0 20.5 30
777 3 2019-12-16T03:46:04.1 20.5 30
777 3 2019-12-16T03:46:43.3 20.5 30
777 3 2019-12-16T03:47:22.4 20.5 30
777 3 2019-12-16T03:48:01.4 20.5 30
777 3 2019-12-16T03:48:40.3 20.5 30
777 3 2019-12-16T03:49:19.2 20.5 30
777 3 2019-12-16T03:49:58.3 20.5 30
777 3 2019-12-16T03:50:37.2 20.5 30
777 3 2019-12-16T03:51:16.3 20.5 30
777 3 2019-12-16T03:51:55.3 20.5 30
777 3 2019-12-16T03:52:34.4 20.5 30
777 3 2019-12-16T03:53:13.5 20.5 30
777 3 2019-12-16T03:53:52.7 20.5 30
777 3 2019-12-16T03:54:31.6 20.5 30
777 3 2019-12-16T03:55:10.8 20.5 30
777 3 2019-12-16T03:55:49.7 20.5 30
777 3 2019-12-16T03:56:28.7 20.5 30
777 3 2019-12-16T03:57:07.7 20.5 30
777 3 2019-12-16T03:57:46.6 20.5 30
777 3 2019-12-16T03:58:25.8 20.5 30
777 3 2019-12-16T03:59:04.9 20.5 30
777 3 2019-12-16T03:59:44.1 20.5 30
777 3 2019-12-16T04:00:23.0 20.5 30
777 3 2019-12-16T04:01:01.9 20.5 30
777 3 2019-12-16T04:01:40.8 20.5 30
777 3 2019-12-16T04:02:19.8 20.5 30
777 3 2019-12-16T04:02:58.7 20.5 30
777 3 2019-12-16T04:03:37.6 20.5 30
777 3 2019-12-16T04:04:16.5 20.5 30
777 3 2019-12-16T04:04:55.6 20.5 30
777 3 2019-12-16T04:05:34.5 20.5 30
604 1 2019-12-16T04:14:04.7 20.5 30
653 1 2019-12-16T04:24:05.0 20.5 30
652 1 2019-12-16T04:24:56.8 20.5 30
699 1 2019-12-16T04:26:12.5 20.5 30
700 1 2019-12-16T04:26:52.6 20.5 30
838 1 2019-12-16T04:29:01.9 20.5 30
838 3 2019-12-16T04:30:24.4 20.5 30
742 1 2019-12-16T04:44:21.0 20.5 30
778 1 2019-12-16T04:44:59.9 20.5 30
811 1 2019-12-16T04:47:03.1 20.5 30
812 3 2019-12-16T04:48:22.5 20.5 30
812 1 2019-12-16T04:49:40.7 20.5 30
458 1 2019-12-16T04:56:51.4 20.5 30
407 1 2019-12-16T04:58:09.8 20.5 30
355 1 2019-12-16T04:59:28.0 20.5 30
653 1 2019-12-16T05:06:16.7 20.5 30
740 1 2019-12-16T05:07:15.6 20.5 30
699 1 2019-12-16T05:07:54.6 20.5 30
777 1 2019-12-16T05:08:36.2 20.5 30
809 1 2019-12-16T05:09:15.4 20.5 30
810 1 2019-12-16T05:10:37.0 20.5 30
778 1 2019-12-16T05:11:16.1 20.5 30
741 1 2019-12-16T05:11:55.8 20.5 30
700 1 2019-12-16T05:12:34.9 20.5 30
742 1 2019-12-16T05:13:14.8 20.5 30
811 1 2019-12-16T05:37:02.9 20.5 30
812 1 2019-12-16T05:39:14.9 20.5 30
812 3 2019-12-16T05:40:43.1 20.5 30
837 1 2019-12-16T06:03:50.1 20.5 30
742 1 2019-12-16T06:07:13.6 20.5 30
778 1 2019-12-16T06:07:52.8 20.5 30
810 1 2019-12-16T06:08:31.8 20.5 30
811 1 2019-12-16T06:09:52.6 20.5 30
355 1 2019-12-16T06:31:17.7 20.5 30
407 1 2019-12-16T06:33:54.0 20.5 30
458 1 2019-12-16T06:35:11.9 20.5 30
812 1 2019-12-16T06:41:44.0 20.5 30
837 1 2019-12-16T06:42:24.6 20.5 30
777 1 2019-12-16T06:43:12.9 20.5 30
741 1 2019-12-16T06:43:52.1 20.5 30
740 1 2019-12-16T06:44:33.0 20.5 30
699 1 2019-12-16T06:45:12.2 20.5 30
700 1 2019-12-16T06:45:52.1 20.5 30
698 1 2019-12-16T06:46:36.6 20.5 30
653 1 2019-12-16T06:48:40.5 20.5 30
652 1 2019-12-16T06:49:20.3 20.5 30
697 1 2019-12-16T06:49:59.2 20.5 30
739 1 2019-12-16T06:50:38.2 20.5 30
776 1 2019-12-16T06:51:58.1 20.5 30
809 1 2019-12-16T06:53:19.5 20.5 30
604 1 2019-12-16T06:59:28.8 20.5 30
407 1 2019-12-16T07:01:14.9 20.5 30
458 1 2019-12-16T07:01:54.1 20.5 30
838 1 2019-12-16T07:09:18.2 20.5 30
838 3 2019-12-16T07:10:36.3 20.5 30
838 1 2019-12-16T07:19:14.9 20.5 30
459 1 2019-12-16T07:39:11.1 20.5 30
408 1 2019-12-16T07:39:50.0 20.5 30
355 1 2019-12-16T07:44:23.8 20.5 30
356 1 2019-12-16T07:50:16.2 20.5 30
460 1 2019-12-16T07:55:37.3 20.5 30
409 1 2019-12-16T07:56:55.4 20.5 30
357 1 2019-12-16T07:59:31.7 20.5 30
410 1 2019-12-16T08:25:48.2 20.5 30
411 1 2019-12-16T08:44:55.5 20.5 30
359 1 2019-12-16T08:46:52.4 20.5 30
358 1 2019-12-16T08:48:11.8 20.5 30
307 1 2019-12-16T08:50:09.2 20.5 30
306 1 2019-12-16T08:50:48.5 20.5 30
360 1 2019-12-16T08:56:09.3 20.5 30
308 1 2019-12-16T09:25:52.0 20.5 30
309 1 2019-12-16T09:27:11.3 20.5 30