3800.0 1.88605e-17
3801.49006617 1.63533e-17
3802.98013234 1.22815e-17
3804.47019851 4.84277e-17
3805.96026468 9.79994e-17
3807.45033085 5.5239e-17
3808.94039702 -8.50589e-18
3810.43046319 -1.40081e-16
3811.92052937 -2.35688e-17
3813.41059554 2.00578e-16
3814.90066171 2.01311e-16
3816.39072788 -9.62495e-17
3817.88079405 1.77268e-17
3819.37086022 3.64166e-16
3820.86092639 9.07272e-17
3822.35099256 1.7667e-16
3823.84105873 2.82858e-16
3825.3311249 3.24287e-16
3826.82119107 3.80743e-16
3828.31125724 5.04133e-17
3829.80132341 -6.1266e-17
3831.29138958 -2.77983e-17
3832.78145576 -2.49038e-16
3834.27152193 -1.04752e-16
3835.7615881 3.17628e-16
3837.25165427 2.02481e-16
3838.74172044 -2.73908e-16
3840.23178661 -1.9571e-16
3841.72185278 4.16842e-17
3843.21191895 2.5478e-16
3844.70198512 3.57822e-16
3846.19205129 6.14643e-17
3847.68211746 -2.50542e-18
3849.17218363 1.80079e-16
3850.6622498 3.64231e-16
3852.15231597 1.40603e-16
3853.64238214 -4.65825e-17
3855.13244832 9.52041e-17
3856.62251449 4.02834e-16
3858.11258066 4.64593e-16
3859.60264683 1.87636e-16
3861.092713 3.06116e-16
3862.58277917 2.32367e-16
3864.07284534 4.12362e-17
3865.56291151 7.00106e-17
3867.05297768 1.69675e-16
3868.54304385 2.33286e-16
3870.03311002 2.84117e-16
3871.52317619 9.47771e-17
3873.01324236 -2.4342e-16
3874.50330853 -9.06959e-17
3875.99337471 1.2582e-16
3877.48344088 2.16193e-16
3878.97350705 6.59839e-17
3880.46357322 4.40823e-17
3881.95363939 3.02595e-16
3883.44370556 3.14644e-16
3884.93377173 3.24262e-16
3886.4238379 3.35805e-16
3887.91390407 1.94581e-16
3889.40397024 2.89165e-16
3890.89403641 2.41507e-16
3892.38410258 1.73003e-16
3893.87416875 1.43158e-16
3895.36423492 1.33209e-16
3896.8543011 1.59518e-16
3898.34436727 3.35729e-18
3899.83443344 -9.60716e-17
3901.32449961 -8.44746e-17
3902.81456578 -2.09853e-16
3904.30463195 -9.5098e-17
3905.79469812 4.19709e-16
3907.28476429 2.99651e-16
3908.77483046 -5.47063e-17
3910.26489663 -6.82419e-17
3911.7549628 2.86139e-16
3913.24502897 1.99806e-16
3914.73509514 6.72359e-17
3916.22516131 3.36233e-16
3917.71522748 1.97877e-16
3919.20529366 1.48057e-16
3920.69535983 1.75353e-16
3922.185426 1.19156e-16
3923.67549217 1.11497e-16
3925.16555834 4.16203e-16
3926.65562451 3.92498e-16
3928.14569068 9.34041e-17
3929.63575685 7.40062e-17
3931.12582302 6.00844e-17
3932.61588919 2.14721e-16
3934.10595536 2.57055e-16
3935.59602153 1.055e-16
3937.0860877 4.32171e-16
3938.57615387 3.72544e-16
3940.06622005 -9.42937e-17
3941.55628622 -2.03874e-16
3943.04635239 -8.2342e-17
3944.53641856 1.13844e-16
3946.02648473 3.94947e-16
3947.5165509 4.39999e-16
3949.00661707 3.41061e-16
3950.49668324 2.33027e-16
3951.98674941 1.39191e-17
3953.47681558 1.76877e-16
3954.96688175 4.11077e-16
3956.45694792 1.80656e-16
3957.94701409 3.58781e-17
3959.43708026 1.73527e-16
3960.92714643 1.65581e-16
3962.41721261 2.85722e-16
3963.90727878 3.14022e-16
3965.39734495 3.56544e-16
3966.88741112 2.2438e-16
3968.37747729 4.07412e-17
3969.86754346 2.04806e-16
3971.35760963 3.36728e-16
3972.8476758 1.47315e-16
3974.33774197 -4.53015e-17
3975.82780814 -1.00438e-16
3977.31787431 1.65162e-16
3978.80794048 1.58112e-16
3980.29800665 1.7198e-16
3981.78807282 5.79577e-18
3983.278139 1.97648e-16
3984.76820517 6.1871e-16
3986.25827134 3.87168e-16
3987.74833751 1.57482e-16
3989.23840368 1.2874e-16
3990.72846985 7.84307e-17
3992.21853602 5.31701e-17
3993.70860219 1.41244e-16
3995.19866836 6.95988e-17
3996.68873453 8.61944e-18
3998.1788007 1.48387e-16
3999.66886687 7.105e-17
4001.15893304 9.42033e-17
4002.64899921 2.16022e-16
4004.13906538 2.12505e-16
4005.62913156 2.16658e-16
4007.11919773 1.81769e-16
4008.6092639 -7.89812e-17
4010.09933007 -1.3831e-17
4011.58939624 1.15788e-16
4013.07946241 1.36883e-16
4014.56952858 2.52278e-16
4016.05959475 4.36784e-16
4017.54966092 3.65333e-16
4019.03972709 1.60149e-16
4020.52979326 6.39122e-17
4022.01985943 1.20727e-17
4023.5099256 1.64197e-17
4024.99999177 7.79759e-17
4026.49005795 -9.58635e-19
4027.98012412 1.11142e-16
4029.47019029 1.93374e-16
4030.96025646 1.8734e-16
4032.45032263 1.72675e-16
4033.9403888 1.34982e-16
4035.43045497 5.50348e-17
4036.92052114 -1.06902e-16
4038.41058731 -1.40449e-16
4039.90065348 1.30911e-16
4041.39071965 2.138e-16
4042.88078582 -6.95764e-17
4044.37085199 -1.82398e-16
4045.86091816 7.94379e-17
4047.35098433 8.40643e-17
4048.84105051 8.24926e-17
4050.33111668 3.60954e-16
4051.82118285 2.98248e-16
4053.31124902 2.5387e-16
4054.80131519 2.42607e-16
4056.29138136 1.91643e-16
4057.78144753 9.98605e-17
4059.2715137 -1.06382e-16
4060.76157987 -6.54815e-17
4062.25164604 1.42984e-16
4063.74171221 3.53391e-16
4065.23177838 5.20115e-16
4066.72184455 3.15355e-16
4068.21191072 6.56607e-17
4069.7019769 6.44915e-17
4071.19204307 1.39397e-16
4072.68210924 2.12444e-16
4074.17217541 2.32454e-16
4075.66224158 1.04521e-16
4077.15230775 7.45781e-17
4078.64237392 2.33464e-16
4080.13244009 3.81071e-16
4081.62250626 1.9752e-16
4083.11257243 1.15232e-16
4084.6026386 1.67735e-16
4086.09270477 2.44826e-16
4087.58277094 3.8235e-16
4089.07283711 3.96711e-16
4090.56290329 3.00245e-16
4092.05296946 1.66054e-16
4093.54303563 6.50372e-17
4095.0331018 1.14382e-16
4096.52316797 4.28515e-18
4098.01323414 -3.99957e-17
4099.50330031 2.28063e-16
4100.99336648 4.74203e-16
4102.48343265 2.837e-16
4103.97349882 9.81299e-17
4105.46356499 2.09072e-16
4106.95363116 3.32311e-16
4108.44369733 2.72509e-16
4109.9337635 1.58668e-16
4111.42382967 1.06616e-16
4112.91389585 1.61119e-16
4114.40396202 2.63154e-16
4115.89402819 9.87892e-17
4117.38409436 2.27116e-17
4118.87416053 4.81878e-17
4120.3642267 1.39834e-16
4121.85429287 9.77692e-17
4123.34435904 8.61561e-17
4124.83442521 3.13087e-16
4126.32449138 2.55016e-16
4127.81455755 1.3041e-16
4129.30462372 2.91187e-16
4130.79468989 2.23818e-16
4132.28475606 8.5497e-17
4133.77482224 3.80467e-16
4135.26488841 3.7624e-16
4136.75495458 1.53091e-16
4138.24502075 1.8907e-16
4139.73508692 1.54851e-16
4141.22515309 1.22362e-16
4142.71521926 1.85638e-16
4144.20528543 3.03629e-16
4145.6953516 2.9925e-16
4147.18541777 6.99622e-17
4148.67548394 5.40959e-17
4150.16555011 8.64649e-18
4151.65561628 2.09751e-16
4153.14568245 1.87683e-16
4154.63574862 -1.1883e-16
4156.1258148 1.10955e-17
4157.61588097 2.02307e-16
4159.10594714 9.0912e-17
4160.59601331 5.18243e-17
4162.08607948 1.42055e-16
4163.57614565 3.36565e-16
4165.06621182 3.1865e-16
4166.55627799 1.51463e-16
4168.04634416 3.96932e-17
4169.53641033 -1.1744e-16
4171.0264765 8.28653e-17
4172.51654267 2.46201e-16
4174.00660884 2.20914e-16
4175.49667501 2.43016e-16
4176.98674119 3.10914e-16
4178.47680736 2.8182e-16
4179.96687353 3.50028e-16
4181.4569397 2.41978e-16
4182.94700587 1.11598e-16
4184.43707204 2.21493e-16
4185.92713821 1.71463e-16
4187.41720438 1.29258e-16
4188.90727055 2.32679e-16
4190.39733672 2.04082e-16
4191.88740289 1.90808e-16
4193.37746906 3.04549e-16
4194.86753523 2.15444e-16
4196.3576014 1.14793e-16
4197.84766757 1.63807e-16
4199.33773375 2.79813e-16
4200.82779992 2.43756e-16
4202.31786609 1.99463e-16
4203.80793226 1.64454e-16
4205.29799843 3.57217e-17
4206.7880646 1.40283e-16
4208.27813077 2.84687e-16
4209.76819694 3.1376e-16
4211.25826311 1.0787e-16
4212.74832928 1.88022e-16
4214.23839545 3.39439e-16
4215.72846162 8.33151e-17
4217.21852779 -9.29203e-17
4218.70859396 1.43499e-16
4220.19866014 2.12565e-16
4221.68872631 1.53199e-16
4223.17879248 1.57055e-16
4224.66885865 2.56951e-16
4226.15892482 2.60563e-16
4227.64899099 1.63203e-16
4229.13905716 1.15164e-16
4230.62912333 1.46908e-16
4232.1191895 2.79088e-16
4233.60925567 2.31302e-16
4235.09932184 1.17622e-16
4236.58938801 1.52297e-18
4238.07945418 -2.98764e-17
4239.56952035 1.40772e-16
4241.05958652 2.52756e-16
4242.5496527 3.49886e-16
4244.03971887 2.04463e-16
4245.52978504 -6.71708e-18
4247.01985121 4.43204e-17
4248.50991738 1.34016e-16
4249.99998355 1.18725e-16
4251.49004972 1.04797e-16
4252.98011589 1.99825e-16
4254.47018206 2.30778e-16
4255.96024823 3.07414e-16
4257.4503144 2.63853e-16
4258.94038057 1.83448e-16
4260.43044674 2.55164e-16
4261.92051291 3.0229e-16
4263.41057909 3.18439e-16
4264.90064526 2.74077e-16
4266.39071143 2.62659e-16
4267.8807776 1.02672e-16
4269.37084377 9.24498e-17
4270.86090994 3.9947e-16
4272.35097611 2.81385e-16
4273.84104228 1.60154e-16
4275.33110845 1.96734e-16
4276.82117462 1.73106e-16
4278.31124079 2.87936e-16
4279.80130696 2.40324e-16
4281.29137313 7.41196e-17
4282.7814393 1.30193e-16
4284.27150548 1.67239e-16
4285.76157165 1.36727e-16
4287.25163782 1.57512e-16
4288.74170399 2.13807e-16
4290.23177016 2.46451e-16
4291.72183633 1.62351e-16
4293.2119025 7.77443e-17
4294.70196867 1.57104e-16
4296.19203484 1.71679e-16
4297.68210101 1.28215e-16
4299.17216718 1.02534e-16
4300.66223335 8.80953e-17
4302.15229952 1.79746e-16
4303.64236569 1.8301e-16
4305.13243186 1.71838e-16
4306.62249804 1.59574e-16
4308.11256421 2.03953e-16
4309.60263038 2.33124e-16
4311.09269655 1.26086e-16
4312.58276272 1.39894e-16
4314.07282889 2.12267e-16
4315.56289506 1.75317e-16
4317.05296123 1.74889e-16
4318.5430274 3.07682e-17
4320.03309357 9.09248e-17
4321.52315974 1.54546e-16
4323.01322591 1.66792e-16
4324.50329208 2.35949e-16
4325.99335825 6.87271e-17
4327.48342443 -9.5926e-18
4328.9734906 1.13254e-16
4330.46355677 1.14336e-16
4331.95362294 6.45207e-17
4333.44368911 1.16455e-16
4334.93375528 1.92106e-16
4336.42382145 1.33455e-16
4337.91388762 7.7766e-17
4339.40395379 1.33481e-16
4340.89401996 1.80961e-16
4342.38408613 2.5966e-16
4343.8741523 1.98862e-16
4345.36421847 1.52129e-16
4346.85428464 1.64367e-16
4348.34435081 1.23901e-16
4349.83441699 2.38301e-16
4351.32448316 2.84403e-16
4352.81454933 2.99277e-16
4354.3046155 3.1093e-16
4355.79468167 1.28105e-16
4357.28474784 6.37666e-17
4358.77481401 1.88627e-16
4360.26488018 2.56693e-16
4361.75494635 1.57824e-16
4363.24501252 -1.39085e-17
4364.73507869 3.49556e-17
4366.22514486 2.26227e-16
4367.71521103 2.76525e-16
4369.2052772 2.15886e-16
4370.69534338 1.99919e-16
4372.18540955 2.85452e-16
4373.67547572 1.81058e-16
4375.16554189 6.07625e-17
4376.65560806 1.48219e-16
4378.14567423 2.58861e-16
4379.6357404 2.41659e-16
4381.12580657 2.04257e-16
4382.61587274 1.74352e-16
4384.10593891 2.62887e-16
4385.59600508 2.2423e-16
4387.08607125 1.97993e-16
4388.57613742 1.99096e-16
4390.06620359 1.22671e-16
4391.55626976 1.7331e-16
4393.04633594 1.70867e-16
4394.53640211 1.87222e-16
4396.02646828 3.02724e-16
4397.51653445 2.90545e-16
4399.00660062 3.0474e-16
4400.49666679 2.18444e-16
4401.98673296 1.41362e-16
4403.47679913 1.94778e-16
4404.9668653 9.3416e-17
4406.45693147 5.63495e-17
4407.94699764 1.04906e-16
4409.43706381 9.73784e-17
4410.92712998 1.50728e-16
4412.41719615 1.7124e-16
4413.90726233 2.37086e-16
4415.3973285 1.63113e-16
4416.88739467 1.66383e-16
4418.37746084 2.33542e-16
4419.86752701 1.92038e-16
4421.35759318 2.78852e-16
4422.84765935 2.54304e-16
4424.33772552 1.66051e-16
4425.82779169 3.1364e-16
4427.31785786 4.49732e-16
4428.80792403 2.93075e-16
4430.2979902 2.40701e-16
4431.78805637 1.62132e-16
4433.27812254 -2.7748e-17
4434.76818871 8.92939e-17
4436.25825489 3.00267e-16
4437.74832106 2.15315e-16
4439.23838723 1.18806e-16
4440.7284534 8.16926e-17
4442.21851957 7.47921e-17
4443.70858574 8.32363e-17
4445.19865191 1.00664e-16
4446.68871808 1.2573e-16
4448.17878425 5.88255e-17
4449.66885042 -4.50362e-17
4451.15891659 4.81898e-18
4452.64898276 1.8718e-16
4454.13904893 2.32945e-16
4455.6291151 9.8383e-17
4457.11918128 3.65385e-17
4458.60924745 3.26702e-17
4460.09931362 1.44189e-16
4461.58937979 1.10671e-16
4463.07944596 1.46444e-17
4464.56951213 9.03586e-17
4466.0595783 2.06978e-16
4467.54964447 1.98387e-16
4469.03971064 1.76654e-16
4470.52977681 1.27945e-16
4472.01984298 1.42984e-16
4473.50990915 1.54824e-16
4474.99997532 1.41094e-16
4476.49004149 1.40275e-16
4477.98010767 1.7187e-16
4479.47017384 2.3059e-16
4480.96024001 2.62799e-16
4482.45030618 2.13468e-16
4483.94037235 1.06628e-16
4485.43043852 6.60401e-17
4486.92050469 1.58418e-16
4488.41057086 2.38455e-16
4489.90063703 1.72618e-16
4491.3907032 1.63553e-16
4492.88076937 2.9674e-16
4494.37083554 3.38489e-16
4495.86090171 2.01948e-16
4497.35096788 5.55425e-17
4498.84103405 1.35627e-16
4500.33110023 2.06024e-16
4501.8211664 1.60173e-16
4503.31123257 1.08001e-16
4504.80129874 1.14477e-16
4506.29136491 1.774e-16
4507.78143108 1.46684e-16
4509.27149725 1.54079e-16
4510.76156342 1.86663e-16
4512.25162959 1.42813e-16
4513.74169576 1.3261e-16
4515.23176193 2.25222e-16
4516.7218281 2.31462e-16
4518.21189427 1.61069e-16
4519.70196044 2.16397e-16
4521.19202662 2.22703e-16
4522.68209279 1.22425e-16
4524.17215896 1.28407e-16
4525.66222513 1.35236e-16
4527.1522913 1.74873e-16
4528.64235747 2.22707e-16
4530.13242364 1.23117e-16
4531.62248981 1.67386e-16
4533.11255598 1.99002e-16
4534.60262215 1.70423e-16
4536.09268832 2.0629e-16
4537.58275449 1.84965e-16
4539.07282066 2.53205e-16
4540.56288683 2.46893e-16
4542.052953 1.10861e-16
4543.54301918 5.46678e-17
4545.03308535 5.49589e-17
4546.52315152 1.74014e-16
4548.01321769 2.04754e-16
4549.50328386 1.00666e-16
4550.99335003 1.19765e-16
4552.4834162 2.38491e-16
4553.97348237 1.87183e-16
4555.46354854 6.46804e-17
4556.95361471 1.24865e-17
4558.44368088 1.58476e-16
4559.93374705 2.60964e-16
4561.42381322 1.87214e-16
4562.91387939 1.55537e-16
4564.40394557 1.41425e-16
4565.89401174 6.41923e-17
4567.38407791 9.10673e-17
4568.87414408 1.68598e-16
4570.36421025 4.80306e-17
4571.85427642 6.01879e-17
4573.34434259 1.7705e-16
4574.83440876 1.98377e-16
4576.32447493 1.60279e-16
4577.8145411 9.65608e-17
4579.30460727 1.23672e-16
4580.79467344 2.24128e-16
4582.28473961 2.15409e-16
4583.77480578 1.50708e-16
4585.26487195 7.78447e-17
4586.75493813 2.17743e-16
4588.2450043 2.71071e-16
4589.73507047 1.85513e-16
4591.22513664 1.22941e-16
4592.71520281 8.73652e-17
4594.20526898 1.5555e-16
4595.69533515 1.78334e-16
4597.18540132 1.98081e-16
4598.67546749 1.54435e-16
4600.16553366 1.89354e-16
4601.65559983 2.23651e-16
4603.145666 1.20227e-16
4604.63573217 1.02809e-16
4606.12579834 1.35067e-16
4607.61586452 1.26453e-16
4609.10593069 1.40548e-16
4610.59599686 1.81759e-16
4612.08606303 1.42494e-16
4613.5761292 1.89043e-16
4615.06619537 2.50651e-16
4616.55626154 1.50095e-16
4618.04632771 1.59298e-16
4619.53639388 2.00126e-16
4621.02646005 1.40967e-16
4622.51652622 9.52304e-17
4624.00659239 1.78822e-16
4625.49665856 2.23378e-16
4626.98672473 1.38168e-16
4628.4767909 1.22152e-16
4629.96685708 1.24387e-16
4631.45692325 1.72809e-16
4632.94698942 1.90132e-16
4634.43705559 1.82617e-16
4635.92712176 2.533e-16
4637.41718793 2.06768e-16
4638.9072541 1.44625e-16
4640.39732027 1.78825e-16
4641.88738644 9.58024e-17
4643.37745261 6.14386e-17
4644.86751878 1.21519e-16
4646.35758495 1.8099e-16
4647.84765112 1.46692e-16
4649.33771729 1.68502e-16
4650.82778347 1.79321e-16
4652.31784964 1.51854e-16
4653.80791581 1.83923e-16
4655.29798198 1.95075e-16
4656.78804815 1.14601e-16
4658.27811432 1.3753e-16
4659.76818049 1.65875e-16
4661.25824666 1.39951e-16
4662.74831283 6.49502e-17
4664.238379 7.71685e-17
4665.72844517 1.88568e-16
4667.21851134 1.94489e-16
4668.70857751 1.97703e-16
4670.19864368 2.40109e-16
4671.68870986 2.13664e-16
4673.17877603 2.12194e-16
4674.6688422 1.77059e-16
4676.15890837 7.8481e-17
4677.64897454 8.06664e-17
4679.13904071 1.10198e-16
4680.62910688 9.33366e-17
4682.11917305 1.85856e-16
4683.60923922 2.64896e-16
4685.09930539 1.33889e-16
4686.58937156 2.05424e-16
4688.07943773 1.51133e-16
4689.5695039 6.80565e-17
4691.05957007 1.12248e-16
4692.54963624 1.07615e-16
4694.03970242 7.97694e-17
4695.52976859 1.46621e-16
4697.01983476 1.57729e-16
4698.50990093 6.93396e-17
4699.9999671 1.13993e-16
4701.49003327 2.34995e-16
4702.98009944 2.11291e-16
4704.47016561 1.51389e-16
4705.96023178 2.03116e-16
4707.45029795 2.0513e-16
4708.94036412 1.54956e-16
4710.43043029 2.18709e-16
4711.92049646 2.36926e-16
4713.41056263 1.87805e-16
4714.90062881 1.49015e-16
4716.39069498 1.43582e-16
4717.88076115 1.47853e-16
4719.37082732 1.10013e-16
4720.86089349 1.61653e-16
4722.35095966 1.88958e-16
4723.84102583 1.39324e-16
4725.331092 1.39145e-16
4726.82115817 1.416e-16
4728.31122434 1.36049e-16
4729.80129051 1.37374e-16
4731.29135668 1.16472e-16
4732.78142285 1.0104e-16
4734.27148902 1.15684e-16
4735.76155519 7.82357e-17
4737.25162137 9.60302e-17
4738.74168754 1.4569e-16
4740.23175371 1.3762e-16
4741.72181988 8.59208e-17
4743.21188605 6.599e-17
4744.70195222 9.88888e-17
4746.19201839 1.15312e-16
4747.68208456 1.03707e-16
4749.17215073 1.04722e-16
4750.6622169 1.23549e-16
4752.15228307 1.56159e-16
4753.64234924 2.10126e-16
4755.13241541 1.22733e-16
4756.62248158 1.03351e-16
4758.11254776 1.72172e-16
4759.60261393 1.40167e-16
4761.0926801 1.00187e-16
4762.58274627 1.53547e-16
4764.07281244 1.07261e-16
4765.56287861 1.26375e-17
4767.05294478 5.39594e-17
4768.54301095 1.62508e-16
4770.03307712 1.91267e-16
4771.52314329 1.48961e-16
4773.01320946 1.4614e-16
4774.50327563 7.69053e-17
4775.9933418 6.12798e-17
4777.48340797 1.15074e-16
4778.97347414 1.53798e-16
4780.46354032 2.30661e-16
4781.95360649 3.29228e-16
4783.44367266 3.23257e-16
4784.93373883 2.49056e-16
4786.423805 2.23876e-16
4787.91387117 2.22989e-16
4789.40393734 1.34103e-16
4790.89400351 1.16083e-16
4792.38406968 1.46976e-16
4793.87413585 1.17715e-16
4795.36420202 1.37683e-16
4796.85426819 1.47687e-16
4798.34433436 1.43983e-16
4799.83440053 1.30795e-16
4801.32446671 8.35281e-17
4802.81453288 5.16118e-17
4804.30459905 1.0724e-16
4805.79466522 1.79597e-16
4807.28473139 1.71013e-16
4808.77479756 1.12997e-16
4810.26486373 7.01343e-17
4811.7549299 7.46102e-17
4813.24499607 1.48751e-16
4814.73506224 1.44659e-16
4816.22512841 1.34029e-16
4817.71519458 2.14921e-16
4819.20526075 2.24205e-16
4820.69532692 1.63307e-16
4822.1853931 1.35119e-16
4823.67545927 5.37715e-17
4825.16552544 9.54494e-17
4826.65559161 1.51695e-16
4828.14565778 1.05114e-16
4829.63572395 1.6301e-16
4831.12579012 2.32063e-16
4832.61585629 1.66002e-16
4834.10592246 1.46525e-16
4835.59598863 1.19683e-16
4837.0860548 1.64139e-16
4838.57612097 2.53056e-16
4840.06618714 1.4374e-16
4841.55625331 5.57034e-17
4843.04631948 1.42588e-16
4844.53638566 1.70343e-16
4846.02645183 1.42587e-16
4847.516518 1.89878e-16
4849.00658417 2.03401e-16
4850.49665034 1.423e-16
4851.98671651 1.06674e-16
4853.47678268 1.18674e-16
4854.96684885 4.915e-17
4856.45691502 5.45828e-17
4857.94698119 1.64391e-16
4859.43704736 1.62652e-16
4860.92711353 1.557e-16
4862.4171797 1.28174e-16
4863.90724587 1.36335e-16
4865.39731205 1.14417e-16
4866.88737822 1.247e-16
4868.37744439 1.01962e-16
4869.86751056 9.2939e-17
4871.35757673 1.44662e-16
4872.8476429 2.41334e-16
4874.33770907 2.20505e-16
4875.82777524 1.12673e-16
4877.31784141 9.92686e-17
4878.80790758 5.60274e-17
4880.29797375 1.03988e-16
4881.78803992 9.87051e-17
4883.27810609 6.45756e-17
4884.76817226 2.05652e-16
4886.25823843 2.27777e-16
4887.74830461 1.495e-16
4889.23837078 8.55661e-17
4890.72843695 1.46507e-16
4892.21850312 2.98408e-16
4893.70856929 2.70091e-16
4895.19863546 1.46724e-16
4896.68870163 1.46724e-16
4898.1787678 2.41641e-16
4899.66883397 3.1408e-16
4901.15890014 2.35043e-16
4902.64896631 1.61589e-16
4904.13903248 1.51625e-16
4905.62909865 2.02585e-16
4907.11916482 2.21074e-16
4908.609231 1.38598e-16
4910.09929717 1.47552e-16
4911.58936334 1.87214e-16
4913.07942951 1.49494e-16
4914.56949568 8.7815e-17
4916.05956185 9.23863e-17
4917.54962802 1.3424e-16
4919.03969419 1.43922e-16
4920.52976036 1.63347e-16
4922.01982653 2.02062e-16
4923.5098927 2.13048e-16
4924.99995887 1.82341e-16
4926.49002504 1.71121e-16
4927.98009121 1.43256e-16
4929.47015738 1.32236e-16
4930.96022356 1.39322e-16
4932.45028973 2.16253e-16
4933.9403559 1.88211e-16
4935.43042207 1.29776e-16
4936.92048824 1.85151e-16
4938.41055441 2.19515e-16
4939.90062058 2.03194e-16
4941.39068675 1.57236e-16
4942.88075292 1.6514e-16
4944.37081909 1.76623e-16
4945.86088526 1.05516e-16
4947.35095143 8.85263e-17
4948.8410176 1.08953e-16
4950.33108377 9.20066e-17
4951.82114995 1.17771e-16
4953.31121612 1.35712e-16
4954.80128229 1.13162e-16
4956.29134846 1.07154e-16
4957.78141463 1.52106e-16
4959.2714808 1.25384e-16
4960.76154697 1.69651e-16
4962.25161314 1.74852e-16
4963.74167931 1.11387e-16
4965.23174548 1.93718e-16
4966.72181165 1.97646e-16
4968.21187782 1.73948e-16
4969.70194399 2.26694e-16
4971.19201016 2.13816e-16
4972.68207633 1.65705e-16
4974.17214251 1.73893e-16
4975.66220868 1.52073e-16
4977.15227485 1.32252e-16
4978.64234102 2.48548e-16
4980.13240719 2.80224e-16
4981.62247336 2.12162e-16
4983.11253953 2.29596e-16
4984.6026057 1.71976e-16
4986.09267187 1.2406e-16
4987.58273804 2.01382e-16
4989.07280421 1.93372e-16
4990.56287038 9.40454e-17
4992.05293655 9.98192e-17
4993.54300272 1.21001e-16
4995.0330689 1.39214e-16
4996.52313507 1.33322e-16
4998.01320124 1.76494e-16
4999.50326741 1.98151e-16
5000.99333358 2.13521e-16
5002.48339975 1.6918e-16
5003.97346592 1.4178e-16
5005.46353209 1.86437e-16
5006.95359826 1.45371e-16
5008.44366443 1.96428e-16
5009.9337306 2.05036e-16
5011.42379677 1.85628e-16
5012.91386294 1.54078e-16
5014.40392911 1.86613e-16
5015.89399529 2.49489e-16
5017.38406146 1.99429e-16
5018.87412763 8.96608e-17
5020.3641938 1.34468e-16
5021.85425997 1.46776e-16
5023.34432614 1.32716e-16
5024.83439231 1.42554e-16
5026.32445848 1.5092e-16
5027.81452465 1.79187e-16
5029.30459082 1.98233e-16
5030.79465699 1.5246e-16
5032.28472316 9.07562e-17
5033.77478933 1.28136e-16
5035.2648555 1.60774e-16
5036.75492167 1.57809e-16
5038.24498785 1.53367e-16
5039.73505402 1.82152e-16
5041.22512019 1.90689e-16
5042.71518636 1.53694e-16
5044.20525253 1.7174e-16
5045.6953187 1.90556e-16
5047.18538487 1.45704e-16
5048.67545104 1.8616e-16
5050.16551721 2.35089e-16
5051.65558338 1.81089e-16
5053.14564955 1.91759e-16
5054.63571572 1.34097e-16
5056.12578189 1.14035e-16
5057.61584806 1.6152e-16
5059.10591424 1.69186e-16
5060.59598041 1.63358e-16
5062.08604658 1.48167e-16
5063.57611275 1.89215e-16
5065.06617892 2.14173e-16
5066.55624509 2.15843e-16
5068.04631126 2.1752e-16
5069.53637743 1.68471e-16
5071.0264436 1.84914e-16
5072.51650977 1.7236e-16
5074.00657594 1.59025e-16
5075.49664211 1.98753e-16
5076.98670828 2.03792e-16
5078.47677445 1.75998e-16
5079.96684062 1.17747e-16
5081.4569068 1.51964e-16
5082.94697297 2.16111e-16
5084.43703914 2.07767e-16
5085.92710531 2.1989e-16
5087.41717148 2.02213e-16
5088.90723765 1.7309e-16
5090.39730382 1.74067e-16
5091.88736999 1.93297e-16
5093.37743616 1.96591e-16
5094.86750233 2.05387e-16
5096.3575685 1.74231e-16
5097.84763467 8.00244e-17
5099.33770084 9.55032e-17
5100.82776701 1.57604e-16
5102.31783319 1.57731e-16
5103.80789936 1.41008e-16
5105.29796553 1.89528e-16
5106.7880317 1.81459e-16
5108.27809787 1.13076e-16
5109.76816404 1.22871e-16
5111.25823021 1.44058e-16
5112.74829638 1.3727e-16
5114.23836255 1.76994e-16
5115.72842872 1.96678e-16
5117.21849489 1.81755e-16
5118.70856106 1.57364e-16
5120.19862723 1.45516e-16
5121.6886934 1.65406e-16
5123.17875957 1.57494e-16
5124.66882575 1.57905e-16
5126.15889192 1.70419e-16
5127.64895809 1.83698e-16
5129.13902426 1.717e-16
5130.62909043 1.25891e-16
5132.1191566 8.67704e-17
5133.60922277 8.02577e-17
5135.09928894 9.78878e-17
5136.58935511 1.40025e-16
5138.07942128 1.91205e-16
5139.56948745 1.74847e-16
5141.05955362 1.47805e-16
5142.54961979 1.33812e-16
5144.03968596 1.2252e-16
5145.52975214 1.65204e-16
5147.01981831 2.04955e-16
5148.50988448 1.56891e-16
5149.99995065 1.69505e-16
5151.49001682 1.74888e-16
5152.98008299 1.25259e-16
5154.47014916 1.67031e-16
5155.96021533 1.79467e-16
5157.4502815 1.08735e-16
5158.94034767 8.79152e-17
5160.43041384 1.29391e-16
5161.92048001 1.53092e-16
5163.41054618 1.04729e-16
5164.90061235 1.24391e-16
5166.39067852 1.06732e-16
5167.8807447 1.264e-16
5169.37081087 1.227e-16
5170.86087704 8.26694e-17
5172.35094321 1.78132e-16
5173.84100938 2.03707e-16
5175.33107555 1.58516e-16
5176.82114172 1.32547e-16
5178.31120789 1.77116e-16
5179.80127406 2.03419e-16
5181.29134023 1.4402e-16
5182.7814064 1.90849e-16
5184.27147257 1.69607e-16
5185.76153874 1.10336e-16
5187.25160491 1.38871e-16
5188.74167109 1.56101e-16
5190.23173726 2.16761e-16
5191.72180343 1.65779e-16
5193.2118696 1.35948e-16
5194.70193577 1.68698e-16
5196.19200194 1.72899e-16
5197.68206811 1.71464e-16
5199.17213428 1.07824e-16
5200.66220045 1.253e-16
5202.15226662 1.48495e-16
5203.64233279 1.08161e-16
5205.13239896 7.53292e-17
5206.62246513 1.43757e-16
5208.1125313 2.0333e-16
5209.60259748 1.72196e-16
5211.09266365 1.56762e-16
5212.58272982 1.80238e-16
5214.07279599 1.04063e-16
5215.56286216 1.39684e-16
5217.05292833 1.83896e-16
5218.5429945 1.84853e-16
5220.03306067 1.93969e-16
5221.52312684 1.69554e-16
5223.01319301 9.27098e-17
5224.50325918 9.04657e-17
5225.99332535 1.21246e-16
5227.48339152 1.57649e-16
5228.97345769 1.47245e-16
5230.46352386 1.70925e-16
5231.95359004 1.74271e-16
5233.44365621 1.84633e-16
5234.93372238 2.11487e-16
5236.42378855 1.89829e-16
5237.91385472 2.11922e-16
5239.40392089 1.89141e-16
5240.89398706 1.40451e-16
5242.38405323 1.55405e-16
5243.8741194 1.63047e-16
5245.36418557 7.98806e-17
5246.85425174 1.44536e-16
5248.34431791 1.74591e-16
5249.83438408 1.25371e-16
5251.32445025 1.24538e-16
5252.81451643 1.49796e-16
5254.3045826 1.71088e-16
5255.79464877 1.67142e-16
5257.28471494 1.21287e-16
5258.77478111 1.14299e-16
5260.26484728 1.72496e-16
5261.75491345 2.23606e-16
5263.24497962 1.70378e-16
5264.73504579 1.60874e-16
5266.22511196 1.88554e-16
5267.71517813 1.92543e-16
5269.2052443 1.58761e-16
5270.69531047 1.15499e-16
5272.18537664 1.37281e-16
5273.67544281 1.92226e-16
5275.16550899 1.72219e-16
5276.65557516 1.44174e-16
5278.14564133 2.04309e-16
5279.6357075 2.41047e-16
5281.12577367 2.07331e-16
5282.61583984 1.37517e-16
5284.10590601 1.77144e-16
5285.59597218 2.25529e-16
5287.08603835 1.96868e-16
5288.57610452 1.21019e-16
5290.06617069 1.38527e-16
5291.55623686 1.62885e-16
5293.04630303 1.63212e-16
5294.5363692 1.22335e-16
5296.02643538 1.03615e-16
5297.51650155 1.33176e-16
5299.00656772 2.20588e-16
5300.49663389 2.31704e-16
5301.98670006 1.75535e-16
5303.47676623 1.51801e-16
5304.9668324 1.83006e-16
5306.45689857 1.88074e-16
5307.94696474 1.3506e-16
5309.43703091 1.57367e-16
5310.92709708 1.75619e-16
5312.41716325 1.95247e-16
5313.90722942 1.5466e-16
5315.39729559 1.25986e-16
5316.88736176 1.18933e-16
5318.37742794 1.39859e-16
5319.86749411 1.7988e-16
5321.35756028 1.7966e-16
5322.84762645 1.71085e-16
5324.33769262 2.11065e-16
5325.82775879 2.0381e-16
5327.31782496 1.87413e-16
5328.80789113 1.66153e-16
5330.2979573 1.32279e-16
5331.78802347 2.00796e-16
5333.27808964 1.96214e-16
5334.76815581 1.86475e-16
5336.25822198 1.88883e-16
5337.74828815 1.7692e-16
5339.23835433 2.04919e-16
5340.7284205 2.14099e-16
5342.21848667 1.37196e-16
5343.70855284 9.41163e-17
5345.19861901 1.62611e-16
5346.68868518 1.9855e-16
5348.17875135 1.9364e-16
5349.66881752 1.66387e-16
5351.15888369 1.69242e-16
5352.64894986 1.36343e-16
5354.13901603 1.26545e-16
5355.6290822 1.46039e-16
5357.11914837 2.09075e-16
5358.60921454 1.97012e-16
5360.09928071 1.4717e-16
5361.58934689 1.7998e-16
5363.07941306 1.93225e-16
5364.56947923 1.64714e-16
5366.0595454 1.52348e-16
5367.54961157 1.18385e-16
5369.03967774 1.57307e-16
5370.52974391 1.71922e-16
5372.01981008 1.351e-16
5373.50987625 1.15656e-16
5374.99994242 1.33066e-16
5376.49000859 1.53121e-16
5377.98007476 1.92481e-16
5379.47014093 1.95754e-16
5380.9602071 1.4688e-16
5382.45027328 1.51913e-16
5383.94033945 1.51773e-16
5385.43040562 2.1298e-16
5386.92047179 2.57302e-16
5388.41053796 1.33753e-16
5389.90060413 9.54915e-17
5391.3906703 1.61081e-16
5392.88073647 1.79403e-16
5394.37080264 2.25048e-16
5395.86086881 2.26517e-16
5397.35093498 2.19619e-16
5398.84100115 2.24803e-16
5400.33106732 1.5231e-16
5401.82113349 1.63952e-16
5403.31119967 1.57471e-16
5404.80126584 9.26252e-17
5406.29133201 1.44031e-16
5407.78139818 1.64655e-16
5409.27146435 1.28343e-16
5410.76153052 1.26442e-16
5412.25159669 1.16061e-16
5413.74166286 8.14002e-17
5415.23172903 1.1461e-16
5416.7217952 1.61466e-16
5418.21186137 1.95089e-16
5419.70192754 1.90276e-16
5421.19199371 2.15024e-16
5422.68205988 1.96806e-16
5424.17212605 1.20474e-16
5425.66219223 1.75094e-16
5427.1522584 1.61091e-16
5428.64232457 1.65219e-16
5430.13239074 1.73486e-16
5431.62245691 1.74244e-16
5433.11252308 1.07803e-16
5434.60258925 1.30137e-16
5436.09265542 1.5704e-16
5437.58272159 1.57712e-16
5439.07278776 1.40779e-16
5440.56285393 1.8291e-16
5442.0529201 2.15287e-16
5443.54298627 1.63046e-16
5445.03305244 1.02488e-16
5446.52311862 1.04818e-16
5448.01318479 1.19978e-16
5449.50325096 1.42961e-16
5450.99331713 1.38096e-16
5452.4833833 1.3174e-16
5453.97344947 1.2669e-16
5455.46351564 1.81464e-16
5456.95358181 2.18702e-16
5458.44364798 2.01574e-16
5459.93371415 1.47718e-16
5461.42378032 1.36443e-16
5462.91384649 1.43087e-16
5464.40391266 1.41739e-16
5465.89397883 1.5475e-16
5467.384045 1.22573e-16
5468.87411118 1.16327e-16
5470.36417735 1.23597e-16
5471.85424352 1.09741e-16
5473.34430969 1.56086e-16
5474.83437586 1.73891e-16
5476.32444203 1.8857e-16
5477.8145082 1.8348e-16
5479.30457437 2.0294e-16
5480.79464054 2.32349e-16
5482.28470671 1.94316e-16
5483.77477288 1.68766e-16
5485.26483905 1.3996e-16
5486.75490522 1.33144e-16
5488.24497139 1.63918e-16
5489.73503757 1.10877e-16
5491.22510374 1.14643e-16
5492.71516991 1.79981e-16
5494.20523608 1.41464e-16
5495.69530225 1.55707e-16
5497.18536842 1.62724e-16
5498.67543459 9.2539e-17
5500.16550076 1.01777e-16
5501.65556693 1.39362e-16
5503.1456331 1.56564e-16
5504.63569927 1.58835e-16
5506.12576544 1.38573e-16
5507.61583161 1.62419e-16
5509.10589778 2.32475e-16
5510.59596395 2.48563e-16
5512.08603013 1.44952e-16
5513.5760963 1.05773e-16
5515.06616247 1.63562e-16
5516.55622864 2.02249e-16
5518.04629481 2.02915e-16
5519.53636098 1.47691e-16
5521.02642715 1.22135e-16
5522.51649332 1.40481e-16
5524.00655949 1.54817e-16
5525.49662566 1.55371e-16
5526.98669183 1.92451e-16
5528.476758 1.86826e-16
5529.96682417 1.33161e-16
5531.45689034 1.39946e-16
5532.94695652 1.28339e-16
5534.43702269 1.45485e-16
5535.92708886 1.68193e-16
5537.41715503 2.03443e-16
5538.9072212 1.94692e-16
5540.39728737 1.89288e-16
5541.88735354 1.60874e-16
5543.37741971 1.5966e-16
5544.86748588 1.68605e-16
5546.35755205 1.63774e-16
5547.84761822 1.1443e-16
5549.33768439 8.89568e-17
5550.82775056 1.52736e-16
5552.31781673 1.82499e-16
5553.80788291 1.80728e-16
5555.29794908 1.51284e-16
5556.78801525 1.55036e-16
5558.27808142 1.60497e-16
5559.76814759 1.44752e-16
5561.25821376 1.56736e-16
5562.74827993 1.56817e-16
5564.2383461 2.21977e-16
5565.72841227 2.59156e-16
5567.21847844 1.82815e-16
5568.70854461 -7.55719e-18
5570.19861078 7.12641e-17
5571.68867695 2.48482e-16
5573.17874312 3.08219e-16
5574.66880929 3.18549e-16
5576.15887547 2.98426e-16
5577.64894164 3.036e-16
5579.13900781 2.66859e-16
5580.62907398 2.42342e-16
5582.11914015 1.13483e-16
5583.60920632 9.63743e-17
5585.09927249 1.73924e-16
5586.58933866 1.62052e-16
5588.07940483 9.82207e-17
5589.569471 1.72962e-16
5591.05953717 2.08397e-16
5592.54960334 1.72909e-16
5594.03966951 1.89112e-16
5595.52973568 1.98487e-16
5597.01980186 1.52254e-16
5598.50986803 1.44129e-16
5599.9999342 1.6408e-16
5601.49000037 1.72681e-16
5602.98006654 1.48797e-16
5604.47013271 1.42034e-16
5605.96019888 2.11457e-16
5607.45026505 1.86603e-16
5608.94033122 1.4213e-16
5610.43039739 1.91425e-16
5611.92046356 2.24179e-16
5613.41052973 1.9926e-16
5614.9005959 1.69546e-16
5616.39066207 1.16745e-16
5617.88072824 1.11066e-16
5619.37079442 1.36428e-16
5620.86086059 2.06688e-16
5622.35092676 2.29621e-16
5623.84099293 1.81534e-16
5625.3310591 1.33905e-16
5626.82112527 1.96247e-16
5628.31119144 1.78197e-16
5629.80125761 8.4446e-17
5631.29132378 1.42219e-16
5632.78138995 1.89944e-16
5634.27145612 2.57142e-16
5635.76152229 2.59737e-16
5637.25158846 2.05339e-16
5638.74165463 2.26351e-16
5640.23172081 1.95148e-16
5641.72178698 1.82699e-16
5643.21185315 2.08236e-16
5644.70191932 1.7717e-16
5646.19198549 1.69033e-16
5647.68205166 2.5194e-16
5649.17211783 2.24998e-16
5650.662184 9.57765e-17
5652.15225017 9.0455e-17
5653.64231634 1.45399e-16
5655.13238251 1.43543e-16
5656.62244868 1.39142e-16
5658.11251485 1.6591e-16
5659.60258102 2.10091e-16
5661.09264719 1.73197e-16
5662.58271337 1.451e-16
5664.07277954 1.62357e-16
5665.56284571 1.29259e-16
5667.05291188 1.27754e-16
5668.54297805 1.38366e-16
5670.03304422 1.34592e-16
5671.52311039 1.55475e-16
5673.01317656 1.7895e-16
5674.50324273 1.8273e-16
5675.9933089 1.9813e-16
5677.48337507 1.7892e-16
5678.97344124 8.34765e-17
5680.46350741 1.00748e-16
5681.95357358 1.46056e-16
5683.44363976 1.33267e-16
5684.93370593 1.27031e-16
5686.4237721 1.0909e-16
5687.91383827 1.42071e-16
5689.40390444 1.74428e-16
5690.89397061 2.0431e-16
5692.38403678 1.48761e-16
5693.87410295 1.30445e-16
5695.36416912 1.65842e-16
5696.85423529 1.54777e-16
5698.34430146 1.33094e-16
5699.83436763 1.80858e-16
5701.3244338 1.74155e-16
5702.81449997 1.68382e-16
5704.30456614 2.02746e-16
5705.79463232 1.94492e-16
5707.28469849 1.43847e-16
5708.77476466 1.26177e-16
5710.26483083 1.52739e-16
5711.754897 1.56294e-16
5713.24496317 1.063e-16
5714.73502934 8.03413e-17
5716.22509551 1.2343e-16
5717.71516168 1.82879e-16
5719.20522785 1.73073e-16
5720.69529402 1.49895e-16
5722.18536019 1.93598e-16
5723.67542636 1.95843e-16
5725.16549253 2.1704e-16
5726.65555871 2.11904e-16
5728.14562488 1.83374e-16
5729.63569105 1.45516e-16
5731.12575722 1.29756e-16
5732.61582339 1.3442e-16
5734.10588956 1.19032e-16
5735.59595573 1.70064e-16
5737.0860219 1.82256e-16
5738.57608807 1.35439e-16
5740.06615424 1.58608e-16
5741.55622041 1.91855e-16
5743.04628658 1.40428e-16
5744.53635275 1.47122e-16
5746.02641892 1.45048e-16
5747.5164851 1.77621e-16
5749.00655127 2.46886e-16
5750.49661744 2.15537e-16
5751.98668361 1.6848e-16
5753.47674978 2.03413e-16
5754.96681595 2.55241e-16
5756.45688212 2.33188e-16
5757.94694829 1.6796e-16
5759.43701446 1.38687e-16
5760.92708063 1.861e-16
5762.4171468 1.99859e-16
5763.90721297 2.30247e-16
5765.39727914 2.03697e-16
5766.88734531 1.22126e-16
5768.37741148 1.87924e-16
5769.86747766 1.7209e-16
5771.35754383 1.45896e-16
5772.84761 1.65442e-16
5774.33767617 1.59671e-16
5775.82774234 1.8849e-16
5777.31780851 2.18183e-16
5778.80787468 2.1102e-16
5780.29794085 2.0464e-16
5781.78800702 2.55612e-16
5783.27807319 2.68371e-16
5784.76813936 1.58384e-16
5786.25820553 1.06739e-16
5787.7482717 1.5019e-16
5789.23833787 1.50964e-16
5790.72840405 1.4833e-16
5792.21847022 1.61391e-16
5793.70853639 1.28957e-16
5795.19860256 8.25821e-17
5796.68866873 1.38493e-16
5798.1787349 1.91235e-16
5799.66880107 8.7385e-17
5801.15886724 1.02005e-16
5802.64893341 1.24047e-16
5804.13899958 1.27442e-16
5805.62906575 1.62382e-16
5807.11913192 1.58601e-16
5808.60919809 1.66745e-16
5810.09926426 2.33029e-16
5811.58933043 2.18513e-16
5813.07939661 1.57876e-16
5814.56946278 1.61299e-16
5816.05952895 1.85152e-16
5817.54959512 1.48124e-16
5819.03966129 1.34231e-16
5820.52972746 2.06488e-16
5822.01979363 2.04668e-16
5823.5098598 1.74659e-16
5824.99992597 1.66833e-16
5826.48999214 1.2338e-16
5827.98005831 1.29859e-16
5829.47012448 1.57855e-16
5830.96019065 1.8556e-16
5832.45025682 1.62141e-16
5833.940323 1.48332e-16
5835.43038917 1.59256e-16
5836.92045534 1.2625e-16
5838.41052151 1.38887e-16
5839.90058768 1.71892e-16
5841.39065385 1.66356e-16
5842.88072002 1.51857e-16
5844.37078619 1.64738e-16
5845.86085236 1.20974e-16
5847.35091853 1.0455e-16
5848.8409847 1.88114e-16
5850.33105087 1.88861e-16
5851.82111704 2.03232e-16
5853.31118321 2.2013e-16
5854.80124938 2.01434e-16
5856.29131556 1.68167e-16
5857.78138173 1.20287e-16
5859.2714479 5.78109e-17
5860.76151407 5.89052e-17
5862.25158024 7.74219e-17
5863.74164641 1.66582e-16
5865.23171258 1.99093e-16
5866.72177875 1.63873e-16
5868.21184492 1.28909e-16
5869.70191109 1.591e-16
5871.19197726 1.82779e-16
5872.68204343 2.00451e-16
5874.1721096 1.49142e-16
5875.66217577 1.11162e-16
5877.15224195 1.45841e-16
5878.64230812 1.66948e-16
5880.13237429 1.98075e-16
5881.62244046 2.03375e-16
5883.11250663 1.51226e-16
5884.6025728 1.04963e-16
5886.09263897 1.09071e-16
5887.58270514 1.20353e-16
5889.07277131 9.23095e-17
5890.56283748 1.15e-16
5892.05290365 1.46929e-16
5893.54296982 1.83238e-16
5895.03303599 2.03628e-16
5896.52310216 1.56397e-16
5898.01316833 1.47179e-16
5899.50323451 1.41372e-16
5900.99330068 1.60122e-16
5902.48336685 2.05634e-16
5903.97343302 2.35453e-16
5905.46349919 1.88542e-16
5906.95356536 1.89156e-16
5908.44363153 2.07844e-16
5909.9336977 1.88184e-16
5911.42376387 1.56883e-16
5912.91383004 1.2605e-16
5914.40389621 1.36839e-16
5915.89396238 1.85326e-16
5917.38402855 1.45284e-16
5918.87409472 1.32279e-16
5920.3641609 1.67048e-16
5921.85422707 1.48088e-16
5923.34429324 1.5252e-16
5924.83435941 1.84322e-16
5926.32442558 1.79841e-16
5927.81449175 1.18602e-16
5929.30455792 9.88633e-17
5930.79462409 1.68763e-16
5932.28469026 1.87479e-16
5933.77475643 1.95334e-16
5935.2648226 1.60704e-16
5936.75488877 1.18022e-16
5938.24495494 1.28173e-16
5939.73502111 1.32761e-16
5941.22508729 1.67833e-16
5942.71515346 1.69959e-16
5944.20521963 1.33614e-16
5945.6952858 1.02514e-16
5947.18535197 1.49894e-16
5948.67541814 1.85491e-16
5950.16548431 1.38535e-16
5951.65555048 9.59684e-17
5953.14561665 1.49629e-16
5954.63568282 1.79712e-16
5956.12574899 1.22546e-16
5957.61581516 1.46875e-16
5959.10588133 1.85708e-16
5960.5959475 1.65825e-16
5962.08601367 1.84839e-16
5963.57607985 1.98157e-16
5965.06614602 1.57772e-16
5966.55621219 1.38133e-16
5968.04627836 1.44262e-16
5969.53634453 1.65234e-16
5971.0264107 2.07475e-16
5972.51647687 1.9738e-16
5974.00654304 1.53237e-16
5975.49660921 1.20329e-16
5976.98667538 1.92314e-16
5978.47674155 1.63143e-16
5979.96680772 8.17906e-17
5981.45687389 1.27707e-16
5982.94694006 1.54576e-16
5984.43700624 1.45321e-16
5985.92707241 1.38546e-16
5987.41713858 2.20652e-16
5988.90720475 2.08933e-16
5990.39727092 1.22369e-16
5991.88733709 1.39747e-16
5993.37740326 2.02594e-16
5994.86746943 1.88948e-16
5996.3575356 1.29686e-16
5997.84760177 1.17407e-16
5999.33766794 1.75734e-16
6000.82773411 1.85726e-16
6002.31780028 1.28144e-16
6003.80786645 1.04831e-16
6005.29793262 1.2397e-16
6006.7879988 1.53767e-16
6008.27806497 1.74354e-16
6009.76813114 1.76852e-16
6011.25819731 1.36835e-16
6012.74826348 1.29135e-16
6014.23832965 1.21408e-16
6015.72839582 1.82624e-16
6017.21846199 2.15927e-16
6018.70852816 1.6695e-16
6020.19859433 2.12733e-16
6021.6886605 2.20587e-16
6023.17872667 1.58173e-16
6024.66879284 1.51623e-16
6026.15885901 1.07584e-16
6027.64892519 1.02096e-16
6029.13899136 1.21691e-16
6030.62905753 1.07762e-16
6032.1191237 1.68033e-16
6033.60918987 2.46754e-16
6035.09925604 2.41244e-16
6036.58932221 2.01929e-16
6038.07938838 2.16024e-16
6039.56945455 1.81591e-16
6041.05952072 1.14938e-16
6042.54958689 1.37349e-16
6044.03965306 1.28833e-16
6045.52971923 1.3554e-16
6047.0197854 1.81026e-16
6048.50985157 1.96061e-16
6049.99991775 1.41681e-16
6051.48998392 2.00148e-16
6052.98005009 1.65173e-16
6054.47011626 1.17246e-16
6055.96018243 1.82007e-16
6057.4502486 1.65939e-16
6058.94031477 1.58572e-16
6060.43038094 1.73552e-16
6061.92044711 1.31589e-16
6063.41051328 1.14015e-16
6064.90057945 1.1023e-16
6066.39064562 1.40896e-16
6067.88071179 1.55796e-16
6069.37077796 1.44348e-16
6070.86084414 1.56975e-16
6072.35091031 2.11347e-16
6073.84097648 2.2175e-16
6075.33104265 1.90773e-16
6076.82110882 2.24567e-16
6078.31117499 2.03473e-16
6079.80124116 1.35048e-16
6081.29130733 1.53201e-16
6082.7813735 1.84239e-16
6084.27143967 1.57832e-16
6085.76150584 1.56329e-16
6087.25157201 1.32206e-16
6088.74163818 1.60954e-16
6090.23170435 1.59524e-16
6091.72177052 1.5297e-16
6093.2118367 1.48807e-16
6094.70190287 1.25274e-16
6096.19196904 1.45232e-16
6097.68203521 1.4523e-16
6099.17210138 8.98602e-17
6100.66216755 1.38513e-16
6102.15223372 1.94328e-16
6103.64229989 1.72863e-16
6105.13236606 1.64302e-16
6106.62243223 2.18087e-16
6108.1124984 2.23103e-16
6109.60256457 1.47424e-16
6111.09263074 1.51656e-16
6112.58269691 1.69209e-16
6114.07276309 1.7154e-16
6115.56282926 1.80767e-16
6117.05289543 1.7084e-16
6118.5429616 1.67325e-16
6120.03302777 1.44533e-16
6121.52309394 2.12253e-16
6123.01316011 2.67693e-16
6124.50322628 1.79556e-16
6125.99329245 1.05679e-16
6127.48335862 1.37837e-16
6128.97342479 1.76373e-16
6130.46349096 2.07322e-16
6131.95355713 2.04023e-16
6133.4436233 1.6208e-16
6134.93368948 1.96751e-16
6136.42375565 2.08526e-16
6137.91382182 1.63685e-16
6139.40388799 1.56671e-16
6140.89395416 1.71013e-16
6142.38402033 1.78038e-16
6143.8740865 1.684e-16
6145.36415267 1.66549e-16
6146.85421884 1.1067e-16
6148.34428501 9.06274e-17
6149.83435118 7.8088e-17
6151.32441735 1.10634e-16
6152.81448352 1.59216e-16
6154.30454969 1.78246e-16
6155.79461586 9.40163e-17
6157.28468204 7.21765e-17
6158.77474821 1.88727e-16
6160.26481438 2.30277e-16
6161.75488055 1.68168e-16
6163.24494672 1.51836e-16
6164.73501289 1.84637e-16
6166.22507906 1.64148e-16
6167.71514523 1.1334e-16
6169.2052114 1.22587e-16
6170.69527757 1.13207e-16
6172.18534374 1.03053e-16
6173.67540991 1.85104e-16
6175.16547608 1.97031e-16
6176.65554225 1.55664e-16
6178.14560843 1.77904e-16
6179.6356746 1.76866e-16
6181.12574077 1.53182e-16
6182.61580694 1.44543e-16
6184.10587311 1.90204e-16
6185.59593928 1.92837e-16
6187.08600545 1.63112e-16
6188.57607162 1.58639e-16
6190.06613779 1.76098e-16
6191.55620396 1.97079e-16
6193.04627013 1.92692e-16
6194.5363363 1.66125e-16
6196.02640247 1.45078e-16
6197.51646864 1.55355e-16
6199.00653481 1.47607e-16
6200.49660099 1.06947e-16
6201.98666716 8.62571e-17
6203.47673333 5.95026e-17
6204.9667995 7.35295e-17
6206.45686567 1.75914e-16
6207.94693184 1.96125e-16
6209.43699801 1.30135e-16
6210.92706418 1.0894e-16
6212.41713035 1.7039e-16
6213.90719652 1.91478e-16
6215.39726269 1.4243e-16
6216.88732886 1.58603e-16
6218.37739503 1.58046e-16
6219.8674612 1.0943e-16
6221.35752738 1.06239e-16
6222.84759355 8.9413e-17
6224.33765972 1.07739e-16
6225.82772589 1.54693e-16
6227.31779206 1.60458e-16
6228.80785823 1.31168e-16
6230.2979244 1.23636e-16
6231.78799057 1.44639e-16
6233.27805674 1.42241e-16
6234.76812291 1.41664e-16
6236.25818908 1.36314e-16
6237.74825525 1.80095e-16
6239.23832142 1.7408e-16
6240.72838759 1.37993e-16
6242.21845376 1.50261e-16
6243.70851994 7.45164e-17
6245.19858611 1.00195e-16
6246.68865228 1.25745e-16
6248.17871845 1.24902e-16
6249.66878462 9.44732e-17
6251.15885079 1.15086e-16
6252.64891696 1.41751e-16
6254.13898313 1.45621e-16
6255.6290493 1.91002e-16
6257.11911547 2.01258e-16
6258.60918164 1.73144e-16
6260.09924781 1.7271e-16
6261.58931398 1.33998e-16
6263.07938015 1.14168e-16
6264.56944633 1.98789e-16
6266.0595125 1.66629e-16
6267.54957867 1.02408e-16
6269.03964484 1.19876e-16
6270.52971101 1.27883e-16
6272.01977718 1.28787e-16
6273.50984335 9.08571e-17
6274.99990952 1.3653e-16
6276.48997569 1.56254e-16
6277.98004186 1.25529e-16
6279.47010803 1.1459e-16
6280.9601742 1.39732e-16
6282.45024037 1.79687e-16
6283.94030654 1.91312e-16
6285.43037271 1.69326e-16
6286.92043889 1.49575e-16
6288.41050506 1.33375e-16
6289.90057123 1.32593e-16
6291.3906374 1.69401e-16
6292.88070357 1.49735e-16
6294.37076974 1.32419e-16
6295.86083591 6.92731e-17
6297.35090208 1.11647e-16
6298.84096825 2.13854e-16
6300.33103442 2.22345e-16
6301.82110059 1.27558e-16
6303.31116676 1.10166e-16
6304.80123293 1.06188e-16
6306.2912991 9.31912e-17
6307.78136528 1.07856e-16
6309.27143145 1.24797e-16
6310.76149762 1.14218e-16
6312.25156379 1.01061e-16
6313.74162996 1.017e-16
6315.23169613 1.29113e-16
6316.7217623 1.80196e-16
6318.21182847 1.4022e-16
6319.70189464 1.29444e-16
6321.19196081 1.6164e-16
6322.68202698 8.83067e-17
6324.17209315 1.01881e-16
6325.66215932 1.62352e-16
6327.15222549 1.56525e-16
6328.64229167 1.29609e-16
6330.13235784 1.2601e-16
6331.62242401 1.53306e-16
6333.11249018 1.84233e-16
6334.60255635 1.819e-16
6336.09262252 1.73944e-16
6337.58268869 1.5716e-16
6339.07275486 1.16182e-16
6340.56282103 8.57682e-17
6342.0528872 8.02872e-17
6343.54295337 9.26284e-17
6345.03301954 1.01786e-16
6346.52308571 1.10593e-16
6348.01315188 7.81547e-17
6349.50321805 8.16847e-17
6350.99328423 1.75944e-16
6352.4833504 1.80125e-16
6353.97341657 9.41212e-17
6355.46348274 4.76921e-17
6356.95354891 7.38579e-17
6358.44361508 7.52625e-17
6359.93368125 1.0202e-16
6361.42374742 1.07416e-16
6362.91381359 8.28771e-17
6364.40387976 1.26302e-16
6365.89394593 1.48599e-16
6367.3840121 1.03688e-16
6368.87407827 8.10587e-17
6370.36414444 1.04026e-16
6371.85421062 1.29532e-16
6373.34427679 1.27373e-16
6374.83434296 1.12536e-16
6376.32440913 1.61718e-16
6377.8144753 1.83909e-16
6379.30454147 1.31196e-16
6380.79460764 1.04592e-16
6382.28467381 1.86958e-16
6383.77473998 2.18639e-16
6385.26480615 1.86281e-16
6386.75487232 1.31162e-16
6388.24493849 1.249e-16
6389.73500466 1.42992e-16
6391.22507083 1.02889e-16
6392.715137 1.01654e-16
6394.20520318 1.23044e-16
6395.69526935 1.20087e-16
6397.18533552 5.08827e-17
6398.67540169 8.76606e-17
6400.16546786 1.58267e-16
6401.65553403 1.4673e-16
6403.1456002 1.20284e-16
6404.63566637 1.10978e-16
6406.12573254 1.40909e-16
6407.61579871 1.44996e-16
6409.10586488 1.40932e-16
6410.59593105 1.28763e-16
6412.08599722 9.49977e-17
6413.57606339 1.03796e-16
6415.06612957 1.33563e-16
6416.55619574 1.36583e-16
6418.04626191 1.30086e-16
6419.53632808 1.24237e-16
6421.02639425 1.43528e-16
6422.51646042 1.50396e-16
6424.00652659 1.88167e-16
6425.49659276 2.12642e-16
6426.98665893 1.28746e-16
6428.4767251 1.14445e-16
6429.96679127 1.30788e-16
6431.45685744 1.23685e-16
6432.94692361 9.5108e-17
6434.43698978 8.70657e-17
6435.92705595 1.27518e-16
6437.41712213 1.56033e-16
6438.9071883 1.65894e-16
6440.39725447 1.55669e-16
6441.88732064 1.28541e-16
6443.37738681 1.26754e-16
6444.86745298 1.16388e-16
6446.35751915 1.71682e-16
6447.84758532 1.64986e-16
6449.33765149 1.38829e-16
6450.82771766 1.09809e-16
6452.31778383 1.405e-16
6453.80785 1.32492e-16
6455.29791617 1.17792e-16
6456.78798234 1.47009e-16
6458.27804852 1.57106e-16
6459.76811469 1.22201e-16
6461.25818086 1.35567e-16
6462.74824703 1.88198e-16
6464.2383132 1.48097e-16
6465.72837937 8.4037e-17
6467.21844554 8.09152e-17
6468.70851171 9.59094e-17
6470.19857788 1.10711e-16
6471.68864405 1.29623e-16
6473.17871022 1.33419e-16
6474.66877639 1.12073e-16
6476.15884256 8.01891e-17
6477.64890873 1.0602e-16
6479.13897491 1.36153e-16
6480.62904108 1.18325e-16
6482.11910725 9.5093e-17
6483.60917342 1.27378e-16
6485.09923959 1.68687e-16
6486.58930576 1.63366e-16
6488.07937193 1.56701e-16
6489.5694381 1.369e-16
6491.05950427 9.85682e-17
6492.54957044 7.76889e-17
6494.03963661 1.12892e-16
6495.52970278 1.4658e-16
6497.01976895 1.66841e-16
6498.50983512 1.14844e-16
6499.99990129 8.9906e-17
6501.48996747 1.04839e-16
6502.98003364 9.47633e-17
6504.47009981 9.89549e-17
6505.96016598 1.13432e-16
6507.45023215 1.29182e-16
6508.94029832 1.65247e-16
6510.43036449 1.63246e-16
6511.92043066 1.1229e-16
6513.41049683 8.60364e-17
6514.900563 8.5191e-17
6516.39062917 1.00261e-16
6517.88069534 1.28607e-16
6519.37076151 1.65216e-16
6520.86082768 1.47346e-16
6522.35089386 1.69464e-16
6523.84096003 1.75248e-16
6525.3310262 1.32833e-16
6526.82109237 1.22846e-16
6528.31115854 1.18395e-16
6529.80122471 1.24721e-16
6531.29129088 1.75298e-16
6532.78135705 1.95423e-16
6534.27142322 1.53568e-16
6535.76148939 1.19816e-16
6537.25155556 1.35529e-16
6538.74162173 1.45926e-16
6540.2316879 1.51494e-16
6541.72175407 9.46565e-17
6543.21182024 6.20939e-17
6544.70188642 1.09704e-16
6546.19195259 1.54185e-16
6547.68201876 1.55824e-16
6549.17208493 1.46137e-16
6550.6621511 1.51789e-16
6552.15221727 1.37884e-16
6553.64228344 1.29558e-16
6555.13234961 1.6504e-16
6556.62241578 1.61707e-16
6558.11248195 1.39639e-16
6559.60254812 1.29767e-16
6561.09261429 1.51612e-16
6562.58268046 1.0991e-16
6564.07274663 1.17638e-16
6565.56281281 1.72975e-16
6567.05287898 1.6225e-16
6568.54294515 1.61496e-16
6570.03301132 1.47319e-16
6571.52307749 1.33068e-16
6573.01314366 1.52882e-16
6574.50320983 1.57698e-16
6575.993276 1.42444e-16
6577.48334217 1.05295e-16
6578.97340834 8.52078e-17
6580.46347451 9.4835e-17
6581.95354068 1.79056e-16
6583.44360685 2.10271e-16
6584.93367302 1.54836e-16
6586.42373919 9.99425e-17
6587.91380537 1.16736e-16
6589.40387154 1.46471e-16
6590.89393771 1.50385e-16
6592.38400388 1.10188e-16
6593.87407005 9.68774e-17
6595.36413622 1.19703e-16
6596.85420239 1.28251e-16
6598.34426856 1.84497e-16
6599.83433473 2.07554e-16
6601.3244009 1.52396e-16
6602.81446707 1.01812e-16
6604.30453324 1.31634e-16
6605.79459941 1.26517e-16
6607.28466558 1.04575e-16
6608.77473176 1.62171e-16
6610.26479793 1.88866e-16
6611.7548641 1.38834e-16
6613.24493027 1.62957e-16
6614.73499644 1.7866e-16
6616.22506261 1.07593e-16
6617.71512878 7.89066e-17
6619.20519495 8.64924e-17
6620.69526112 9.5474e-17
6622.18532729 9.72178e-17
6623.67539346 1.42682e-16
6625.16545963 1.27594e-16
6626.6555258 1.27727e-16
6628.14559197 1.57705e-16
6629.63565814 1.19654e-16
6631.12572432 1.28396e-16
6632.61579049 1.6248e-16
6634.10585666 1.42189e-16
6635.59592283 1.10086e-16
6637.085989 7.52836e-17
6638.57605517 7.23439e-17
6640.06612134 1.20254e-16
6641.55618751 1.35656e-16
6643.04625368 1.49331e-16
6644.53631985 1.47242e-16
6646.02638602 1.13952e-16
6647.51645219 1.26898e-16
6649.00651836 1.94105e-16
6650.49658453 1.69658e-16
6651.98665071 1.35682e-16
6653.47671688 1.70471e-16
6654.96678305 1.76063e-16
6656.45684922 1.46525e-16
6657.94691539 1.51708e-16
6659.43698156 1.50617e-16
6660.92704773 1.08391e-16
6662.4171139 1.04304e-16
6663.90718007 1.12116e-16
6665.39724624 1.25278e-16
6666.88731241 1.42985e-16
6668.37737858 1.29245e-16
6669.86744475 1.43594e-16
6671.35751092 1.57151e-16
6672.8475771 1.48335e-16
6674.33764327 1.28571e-16
6675.82770944 1.52445e-16
6677.31777561 1.63454e-16
6678.80784178 1.01534e-16
6680.29790795 1.13308e-16
6681.78797412 1.56677e-16
6683.27804029 1.17691e-16
6684.76810646 1.0568e-16
6686.25817263 1.27822e-16
6687.7482388 1.52174e-16
6689.23830497 1.46365e-16
6690.72837114 1.49957e-16
6692.21843731 1.625e-16
6693.70850348 1.2777e-16
6695.19856966 1.17046e-16
6696.68863583 1.58742e-16
6698.178702 1.89996e-16
6699.66876817 1.85935e-16
6701.15883434 1.39118e-16
6702.64890051 1.55445e-16
6704.13896668 2.04618e-16
6705.62903285 2.04454e-16
6707.11909902 2.66885e-16
6708.60916519 2.35648e-16
6710.09923136 2.45397e-16
6711.58929753 3.14424e-16
6713.0793637 2.93173e-16
6714.56942987 2.38402e-16
6716.05949605 2.30779e-16
6717.54956222 1.94969e-16
6719.03962839 1.14815e-16
6720.52969456 1.22102e-16
6722.01976073 1.60147e-16
6723.5098269 1.56538e-16
6724.99989307 1.83072e-16
6726.48995924 1.6309e-16
6727.98002541 1.60351e-16
6729.47009158 1.81411e-16
6730.96015775 1.68447e-16
6732.45022392 1.94101e-16
6733.94029009 2.16392e-16
6735.43035626 1.55608e-16
6736.92042243 9.81068e-17
6738.41048861 1.08603e-16
6739.90055478 1.427e-16
6741.39062095 1.38812e-16
6742.88068712 1.02316e-16
6744.37075329 1.33189e-16
6745.86081946 1.14941e-16
6747.35088563 9.68063e-17
6748.8409518 8.72194e-17
6750.33101797 1.13576e-16
6751.82108414 1.17865e-16
6753.31115031 1.07182e-16
6754.80121648 1.28349e-16
6756.29128265 1.29813e-16
6757.78134882 1.17585e-16
6759.271415 9.50764e-17
6760.76148117 1.29476e-16
6762.25154734 1.58858e-16
6763.74161351 1.61616e-16
6765.23167968 1.35598e-16
6766.72174585 1.68377e-16
6768.21181202 1.62062e-16
6769.70187819 8.79941e-17
6771.19194436 7.85124e-17
6772.68201053 1.18198e-16
6774.1720767 1.11798e-16
6775.66214287 1.04348e-16
6777.15220904 1.53083e-16
6778.64227521 1.84748e-16
6780.13234138 1.79879e-16
6781.62240756 1.36189e-16
6783.11247373 1.25129e-16
6784.6025399 1.57754e-16
6786.09260607 1.25254e-16
6787.58267224 9.00422e-17
6789.07273841 1.06354e-16
6790.56280458 1.43642e-16
6792.05287075 1.42221e-16
6793.54293692 1.13639e-16
6795.03300309 1.23667e-16
6796.52306926 1.24943e-16
6798.01313543 1.42463e-16
6799.5032016 1.24985e-16
6800.99326777 1.24353e-16
6802.48333395 1.33008e-16
6803.97340012 9.53907e-17
6805.46346629 1.04547e-16
6806.95353246 1.37597e-16
6808.44359863 1.66347e-16
6809.9336648 1.67113e-16
6811.42373097 1.21478e-16
6812.91379714 9.64878e-17
6814.40386331 8.94647e-17
6815.89392948 1.03394e-16
6817.38399565 1.0371e-16
6818.87406182 1.06243e-16
6820.36412799 1.02848e-16
6821.85419416 1.17026e-16
6823.34426033 1.23066e-16
6824.83432651 1.30779e-16
6826.32439268 1.53435e-16
6827.81445885 1.31329e-16
6829.30452502 7.27126e-17
6830.79459119 4.93876e-17
6832.28465736 7.76615e-17
6833.77472353 1.42829e-16
6835.2647897 1.69118e-16
6836.75485587 1.25108e-16
6838.24492204 7.21035e-17
6839.73498821 8.18976e-17
6841.22505438 9.9279e-17
6842.71512055 1.24116e-16
6844.20518672 1.31627e-16
6845.6952529 1.085e-16
6847.18531907 1.03964e-16
6848.67538524 9.88715e-17
6850.16545141 9.61383e-17
6851.65551758 1.1935e-16
6853.14558375 1.02004e-16
6854.63564992 1.19361e-16
6856.12571609 1.3613e-16
6857.61578226 1.3853e-16
6859.10584843 1.52024e-16
6860.5959146 1.18535e-16
6862.08598077 7.8386e-17
6863.57604694 1.04955e-16
6865.06611311 1.21464e-16
6866.55617929 7.55097e-17
6868.04624546 4.68809e-17
6869.53631163 5.80645e-17
6871.0263778 8.46215e-17
6872.51644397 9.7303e-17
6874.00651014 1.10509e-16
6875.49657631 8.12666e-17
6876.98664248 1.12945e-16
6878.47670865 1.21015e-16
6879.96677482 9.40031e-17
6881.45684099 1.06281e-16
6882.94690716 1.09782e-16
6884.43697333 1.07722e-16
6885.9270395 1.16586e-16
6887.41710567 1.53768e-16
6888.90717185 1.48528e-16
6890.39723802 8.76165e-17
6891.88730419 6.1856e-17
6893.37737036 4.87538e-17
6894.86743653 9.43379e-17
6896.3575027 1.33636e-16
6897.84756887 1.14243e-16
6899.33763504 8.49059e-17
6900.82770121 6.74102e-17
6902.31776738 9.70055e-17
6903.80783355 1.25679e-16
6905.29789972 1.04183e-16
6906.78796589 1.323e-16
6908.27803206 1.28572e-16
6909.76809824 9.56017e-17
6911.25816441 9.29465e-17
6912.74823058 7.087e-17
6914.23829675 9.79661e-17
6915.72836292 1.22356e-16
6917.21842909 7.15693e-17
6918.70849526 6.2834e-17
6920.19856143 8.68103e-17
6921.6886276 1.04145e-16
6923.17869377 1.06821e-16
6924.66875994 9.94248e-17
6926.15882611 7.90203e-17
6927.64889228 9.06024e-17
6929.13895845 9.36565e-17
6930.62902462 9.05179e-17
6932.1190908 9.09441e-17
6933.60915697 7.20955e-17
6935.09922314 6.918e-17
6936.58928931 9.65737e-17
6938.07935548 1.21707e-16
6939.56942165 1.34784e-16
6941.05948782 1.18256e-16
6942.54955399 9.35715e-17
6944.03962016 8.91279e-17
6945.52968633 1.02548e-16
6947.0197525 1.46842e-16
6948.50981867 1.48808e-16
6949.99988484 8.88487e-17
6951.48995101 7.70777e-17
6952.98001719 1.10282e-16
6954.47008336 9.91645e-17
6955.96014953 8.70643e-17
6957.4502157 1.17681e-16
6958.94028187 1.354e-16
6960.43034804 1.19737e-16
6961.92041421 1.26803e-16
6963.41048038 1.55385e-16
6964.90054655 1.49545e-16
6966.39061272 1.18682e-16
6967.88067889 1.03581e-16
6969.37074506 1.00859e-16
6970.86081123 9.9442e-17
6972.3508774 1.00593e-16
6973.84094357 1.05504e-16
6975.33100975 9.70594e-17
6976.82107592 9.4059e-17
6978.31114209 1.09521e-16
6979.80120826 1.34294e-16
6981.29127443 1.0412e-16
6982.7813406 7.26672e-17
6984.27140677 9.6546e-17
6985.76147294 1.11096e-16
6987.25153911 1.0945e-16
6988.74160528 9.49503e-17
6990.23167145 9.17687e-17
6991.72173762 7.83291e-17
6993.21180379 1.09442e-16
6994.70186996 8.59803e-17
6996.19193614 8.57133e-17
6997.68200231 9.34437e-17
6999.17206848 6.77959e-17
7000.66213465 9.17848e-17
7002.15220082 1.10361e-16
7003.64226699 8.36766e-17
7005.13233316 8.69325e-17
7006.62239933 8.5375e-17
7008.1124655 1.16539e-16
7009.60253167 1.52876e-16
7011.09259784 1.47039e-16
7012.58266401 1.03496e-16
7014.07273018 1.06585e-16
7015.56279635 1.26665e-16
7017.05286252 1.0491e-16
7018.5429287 1.02399e-16
7020.03299487 1.03148e-16
7021.52306104 7.93066e-17
7023.01312721 8.72091e-17
7024.50319338 9.54277e-17
7025.99325955 5.96118e-17
7027.48332572 7.41621e-17
7028.97339189 9.97128e-17
7030.46345806 9.21385e-17
7031.95352423 1.04199e-16
7033.4435904 8.61316e-17
7034.93365657 4.77138e-17
7036.42372274 9.92935e-17
7037.91378891 1.09378e-16
7039.40385509 8.28373e-17
7040.89392126 7.09064e-17
7042.38398743 7.46429e-17
7043.8740536 6.9858e-17
7045.36411977 9.60965e-17
7046.85418594 1.06255e-16
7048.34425211 9.75893e-17
7049.83431828 1.05744e-16
7051.32438445 7.33627e-17
7052.81445062 5.86637e-17
7054.30451679 7.23796e-17
7055.79458296 7.10374e-17
7057.28464913 8.06893e-17
7058.7747153 1.06255e-16
7060.26478148 9.24201e-17
7061.75484765 8.6662e-17
7063.24491382 1.13667e-16
7064.73497999 1.14149e-16
7066.22504616 1.05088e-16
7067.71511233 1.08082e-16
7069.2051785 8.13537e-17
7070.69524467 7.99362e-17
7072.18531084 6.93392e-17
7073.67537701 9.17627e-17
7075.16544318 9.14849e-17
7076.65550935 7.04748e-17
7078.14557552 7.93902e-17
7079.63564169 8.94672e-17
7081.12570786 1.08963e-16
7082.61577404 1.32345e-16
7084.10584021 1.03399e-16
7085.59590638 9.38851e-17
7087.08597255 9.21662e-17
7088.57603872 1.19078e-16
7090.06610489 1.32976e-16
7091.55617106 1.392e-16
7093.04623723 1.26371e-16
7094.5363034 9.44146e-17
7096.02636957 1.03703e-16
7097.51643574 1.2366e-16
7099.00650191 1.07383e-16
7100.49656808 1.00213e-16
7101.98663425 5.73386e-17
7103.47670043 7.07185e-17
7104.9667666 6.2799e-17
7106.45683277 6.47932e-17
7107.94689894 1.07337e-16
7109.43696511 1.25305e-16
7110.92703128 1.02174e-16
7112.41709745 7.63535e-17
7113.90716362 7.64881e-17
7115.39722979 8.39797e-17
7116.88729596 9.80578e-17
7118.37736213 1.01331e-16
7119.8674283 9.53832e-17
7121.35749447 8.24274e-17
7122.84756064 1.03662e-16
7124.33762681 1.18074e-16
7125.82769299 9.68852e-17
7127.31775916 9.95972e-17
7128.80782533 1.24679e-16
7130.2978915 1.28384e-16
7131.78795767 1.18484e-16
7133.27802384 1.01186e-16
7134.76809001 9.57545e-17
7136.25815618 9.51957e-17
7137.74822235 9.83919e-17
7139.23828852 9.92814e-17
7140.72835469 1.05451e-16
7142.21842086 1.17935e-16
7143.70848703 1.34097e-16
7145.1985532 1.30862e-16
7146.68861938 6.05793e-17
7148.17868555 7.28564e-17
7149.66875172 9.38296e-17
7151.15881789 8.71247e-17
7152.64888406 8.93444e-17
7154.13895023 8.39553e-17
7155.6290164 9.36026e-17
7157.11908257 1.0717e-16
7158.60914874 8.97712e-17
7160.09921491 8.36546e-17
7161.58928108 9.22684e-17
7163.07934725 1.00502e-16
7164.56941342 7.68607e-17
7166.05947959 6.39995e-17
7167.54954576 6.79316e-17
7169.03961194 9.81271e-17
7170.52967811 1.11351e-16
7172.01974428 8.75495e-17
7173.50981045 8.35034e-17
7174.99987662 8.8433e-17
7176.48994279 7.64984e-17
7177.98000896 6.07029e-17
7179.47007513 1.00522e-16
7180.9601413 1.21078e-16
7182.45020747 1.14498e-16
7183.94027364 9.19195e-17
7185.43033981 6.29889e-17
7186.92040598 6.33965e-17
7188.41047215 6.31637e-17
7189.90053833 4.57437e-17
7191.3906045 6.03754e-17
7192.88067067 5.00879e-17
7194.37073684 5.67492e-17
7195.86080301 6.28949e-17
7197.35086918 5.47147e-17
7198.84093535 5.34567e-17
7200.33100152 6.86105e-17
7201.82106769 8.29991e-17
7203.31113386 8.0553e-17
7204.80120003 7.93334e-17
7206.2912662 8.43342e-17
7207.78133237 1.09475e-16
7209.27139854 1.06937e-16
7210.76146471 8.72057e-17
7212.25153089 9.45817e-17
7213.74159706 1.05819e-16
7215.23166323 8.48594e-17
7216.7217294 6.45954e-17
7218.21179557 8.3526e-17
7219.70186174 1.04871e-16
7221.19192791 9.76388e-17
7222.68199408 8.63748e-17
7224.17206025 8.95749e-17
7225.66212642 1.00471e-16
7227.15219259 8.91683e-17
7228.64225876 5.69215e-17
7230.13232493 5.45547e-17
7231.6223911 7.47789e-17
7233.11245728 6.89713e-17
7234.60252345 6.26153e-17
7236.09258962 6.71231e-17
7237.58265579 8.44041e-17
7239.07272196 9.64588e-17
7240.56278813 8.39708e-17
7242.0528543 6.3564e-17
7243.54292047 8.0098e-17
7245.03298664 1.11933e-16
7246.52305281 1.18795e-16
7248.01311898 1.12171e-16
7249.50318515 9.09368e-17
7250.99325132 9.92908e-17
7252.48331749 9.16922e-17
7253.97338367 6.08163e-17
7255.46344984 6.31711e-17
7256.95351601 1.01958e-16
7258.44358218 1.03902e-16
7259.93364835 8.34108e-17
7261.42371452 1.11368e-16
7262.91378069 1.27637e-16
7264.40384686 1.00711e-16
7265.89391303 1.07075e-16
7267.3839792 1.06708e-16
7268.87404537 8.59637e-17
7270.36411154 5.34067e-17
7271.85417771 5.01528e-17
7273.34424388 7.16476e-17
7274.83431005 6.73909e-17
7276.32437623 5.94805e-17
7277.8144424 6.71539e-17
7279.30450857 7.55079e-17
7280.79457474 1.00471e-16
7282.28464091 9.72281e-17
7283.77470708 8.17102e-17
7285.26477325 7.1659e-17
7286.75483942 7.42625e-17
7288.24490559 7.86855e-17
7289.73497176 7.49451e-17
7291.22503793 9.43909e-17
7292.7151041 9.37564e-17
7294.20517027 7.24675e-17
7295.69523644 1.09531e-16
7297.18530262 1.27237e-16
7298.67536879 8.36094e-17
7300.16543496 5.3697e-17
7301.65550113 5.90639e-17
7303.1455673 7.91566e-17
7304.63563347 1.02991e-16
7306.12569964 9.36382e-17
7307.61576581 7.31541e-17
7309.10583198 5.1778e-17
7310.59589815 4.86552e-17
7312.08596432 8.18026e-17
7313.57603049 1.02099e-16
7315.06609666 9.22392e-17
7316.55616283 9.52614e-17
7318.046229 1.00127e-16
7319.53629518 7.51131e-17
7321.02636135 6.82072e-17
7322.51642752 7.65968e-17
7324.00649369 9.76505e-17
7325.49655986 9.8386e-17
7326.98662603 7.7717e-17
7328.4766922 7.42536e-17
7329.96675837 8.88934e-17
7331.45682454 9.84633e-17
7332.94689071 9.5212e-17
7334.43695688 8.5323e-17
7335.92702305 9.48948e-17
7337.41708922 9.34826e-17
7338.90715539 6.85457e-17
7340.39722157 5.42139e-17
7341.88728774 9.22935e-17
7343.37735391 1.1902e-16
7344.86742008 9.64407e-17
7346.35748625 8.37982e-17
7347.84755242 6.24179e-17
7349.33761859 8.88005e-17
7350.82768476 8.18859e-17
7352.31775093 8.29559e-17
7353.8078171 1.00028e-16
7355.29788327 8.20627e-17
7356.78794944 8.26486e-17
7358.27801561 9.09039e-17
7359.76808178 5.81074e-17
7361.25814795 7.2543e-17
7362.74821413 7.81361e-17
7364.2382803 7.30121e-17
7365.72834647 8.59498e-17
7367.21841264 9.63698e-17
7368.70847881 8.92175e-17
7370.19854498 8.10104e-17
7371.68861115 8.80753e-17
7373.17867732 9.74108e-17
7374.66874349 8.53692e-17
7376.15880966 6.22203e-17
7377.64887583 8.00973e-17
7379.138942 7.72848e-17
7380.62900817 8.43225e-17
7382.11907434 9.94883e-17
7383.60914052 8.23187e-17
7385.09920669 6.96616e-17
7386.58927286 8.55999e-17
7388.07933903 8.06185e-17
7389.5694052 4.57713e-17
7391.05947137 9.64471e-17
7392.54953754 8.79958e-17
7394.03960371 6.35214e-17
7395.52966988 7.60975e-17
7397.01973605 7.01563e-17
7398.50980222 6.25232e-17
7399.99986839 7.62271e-17
