3548.77 1.18607e-16
3550.9526632 9.95591e-17
3553.1353264 9.20652e-17
3555.31798961 1.24746e-16
3557.50065281 1.22469e-16
3559.68331601 9.82103e-17
3561.86597921 1.1982e-16
3564.04864242 1.34874e-16
3566.23130562 1.17027e-16
3568.41396882 1.36179e-16
3570.59663202 1.19094e-16
3572.77929523 1.46456e-16
3574.96195843 1.49203e-16
3577.14462163 1.21999e-16
3579.32728483 1.33464e-16
3581.50994803 1.20673e-16
3583.69261124 1.29655e-16
3585.87527444 1.3316e-16
3588.05793764 1.30488e-16
3590.24060084 1.513e-16
3592.42326405 1.55709e-16
3594.60592725 1.39788e-16
3596.78859045 1.5384e-16
3598.97125365 1.86864e-16
3601.15391685 1.70338e-16
3603.33658006 1.75386e-16
3605.51924326 1.73091e-16
3607.70190646 1.47597e-16
3609.88456966 1.77699e-16
3612.06723287 1.62382e-16
3614.24989607 1.43099e-16
3616.43255927 1.81553e-16
3618.61522247 2.0717e-16
3620.79788568 1.88326e-16
3622.98054888 1.95822e-16
3625.16321208 1.9361e-16
3627.34587528 1.52744e-16
3629.52853848 1.5674e-16
3631.71120169 1.82375e-16
3633.89386489 1.79672e-16
3636.07652809 1.6898e-16
3638.25919129 1.92799e-16
3640.4418545 2.01044e-16
3642.6245177 1.68151e-16
3644.8071809 1.84944e-16
3646.9898441 1.71276e-16
3649.17250731 1.40202e-16
3651.35517051 1.71288e-16
3653.53783371 1.88043e-16
3655.72049691 2.02558e-16
3657.90316011 1.91718e-16
3660.08582332 2.02357e-16
3662.26848652 2.0736e-16
3664.45114972 1.92487e-16
3666.63381292 1.70966e-16
3668.81647613 1.83788e-16
3670.99913933 2.06175e-16
3673.18180253 2.16014e-16
3675.36446573 2.03408e-16
3677.54712893 1.90665e-16
3679.72979214 2.19072e-16
3681.91245534 2.1548e-16
3684.09511854 2.05634e-16
3686.27778174 2.11097e-16
3688.46044495 2.15394e-16
3690.64310815 2.21052e-16
3692.82577135 2.29902e-16
3695.00843455 2.22988e-16
3697.19109776 1.98342e-16
3699.37376096 2.17284e-16
3701.55642416 1.99567e-16
3703.73908736 2.01185e-16
3705.92175056 1.9054e-16
3708.10441377 2.25599e-16
3710.28707697 2.25715e-16
3712.46974017 1.91426e-16
3714.65240337 1.97965e-16
3716.83506658 2.44312e-16
3719.01772978 2.12323e-16
3721.20039298 2.2465e-16
3723.38305618 2.34927e-16
3725.56571939 2.64711e-16
3727.74838259 2.30258e-16
3729.93104579 2.88086e-16
3732.11370899 2.91568e-16
3734.29637219 2.66831e-16
3736.4790354 2.11874e-16
3738.6616986 2.17224e-16
3740.8443618 2.55237e-16
3743.027025 2.75421e-16
3745.20968821 2.84189e-16
3747.39235141 3.00095e-16
3749.57501461 3.12371e-16
3751.75767781 2.54316e-16
3753.94034101 2.71233e-16
3756.12300422 2.78871e-16
3758.30566742 2.6676e-16
3760.48833062 2.88355e-16
3762.67099382 2.8715e-16
3764.85365703 3.23194e-16
3767.03632023 2.27404e-16
3769.21898343 2.75213e-16
3771.40164663 2.36517e-16
3773.58430984 3.08965e-16
3775.76697304 3.10436e-16
3777.94963624 3.33091e-16
3780.13229944 3.07229e-16
3782.31496264 2.78958e-16
3784.49762585 3.13662e-16
3786.68028905 3.27809e-16
3788.86295225 3.41896e-16
3791.04561545 2.85595e-16
3793.22827866 2.93101e-16
3795.41094186 3.27661e-16
3797.59360506 3.38758e-16
3799.77626826 3.43214e-16
3801.95893147 3.33838e-16
3804.14159467 3.20021e-16
3806.32425787 3.25304e-16
3808.50692107 3.42507e-16
3810.68958427 3.23113e-16
3812.87224748 3.55103e-16
3815.05491068 4.3406e-16
3817.23757388 4.15254e-16
3819.42023708 3.55926e-16
3821.60290029 3.53049e-16
3823.78556349 3.29338e-16
3825.96822669 3.65524e-16
3828.15088989 3.50188e-16
3830.33355309 3.56983e-16
3832.5162163 3.95459e-16
3834.6988795 3.80715e-16
3836.8815427 4.11941e-16
3839.0642059 4.12888e-16
3841.24686911 3.27453e-16
3843.42953231 3.03991e-16
3845.61219551 3.45607e-16
3847.79485871 3.50732e-16
3849.97752192 3.24695e-16
3852.16018512 3.3628e-16
3854.34284832 3.48489e-16
3856.52551152 3.69329e-16
3858.70817472 3.61297e-16
3860.89083793 3.93789e-16
3863.07350113 3.59736e-16
3865.25616433 3.50048e-16
3867.43882753 3.91905e-16
3869.62149074 3.54454e-16
3871.80415394 3.9522e-16
3873.98681714 3.55981e-16
3876.16948034 3.30803e-16
3878.35214355 3.96845e-16
3880.53480675 3.72051e-16
3882.71746995 3.26065e-16
3884.90013315 3.55412e-16
3887.08279635 3.8206e-16
3889.26545956 3.78135e-16
3891.44812276 3.80113e-16
3893.63078596 3.52609e-16
3895.81344916 3.72776e-16
3897.99611237 3.61822e-16
3900.17877557 4.12763e-16
3902.36143877 4.03388e-16
3904.54410197 3.84886e-16
3906.72676517 3.90025e-16
3908.90942838 3.5033e-16
3911.09209158 4.15339e-16
3913.27475478 4.40718e-16
3915.45741798 4.1754e-16
3917.64008119 3.77377e-16
3919.82274439 3.84609e-16
3922.00540759 3.64142e-16
3924.18807079 3.72131e-16
3926.370734 3.45605e-16
3928.5533972 3.67738e-16
3930.7360604 3.6121e-16
3932.9187236 3.34148e-16
3935.1013868 3.42495e-16
3937.28405001 3.56549e-16
3939.46671321 4.33363e-16
3941.64937641 4.22585e-16
3943.83203961 4.19494e-16
3946.01470282 4.05098e-16
3948.19736602 3.83323e-16
3950.38002922 4.13659e-16
3952.56269242 3.9684e-16
3954.74535563 4.26629e-16
3956.92801883 4.29881e-16
3959.11068203 4.25311e-16
3961.29334523 4.16131e-16
3963.47600843 3.33601e-16
3965.65867164 3.53473e-16
3967.84133484 3.34175e-16
3970.02399804 3.6047e-16
3972.20666124 3.96506e-16
3974.38932445 3.61894e-16
3976.57198765 4.4375e-16
3978.75465085 4.05461e-16
3980.93731405 3.68286e-16
3983.11997725 4.42633e-16
3985.30264046 4.80228e-16
3987.48530366 3.95247e-16
3989.66796686 4.52678e-16
3991.85063006 4.7481e-16
3994.03329327 4.30779e-16
3996.21595647 4.20279e-16
3998.39861967 3.96811e-16
4000.58128287 4.3627e-16
4002.76394608 4.15622e-16
4004.94660928 3.99457e-16
4007.12927248 4.13748e-16
4009.31193568 3.90628e-16
4011.49459888 4.48399e-16
4013.67726209 4.26901e-16
4015.85992529 4.24062e-16
4018.04258849 4.03471e-16
4020.22525169 3.98163e-16
4022.4079149 3.84372e-16
4024.5905781 4.38534e-16
4026.7732413 4.97608e-16
4028.9559045 4.40176e-16
4031.13856771 4.56848e-16
4033.32123091 4.90931e-16
4035.50389411 4.60138e-16
4037.68655731 4.65422e-16
4039.86922051 4.10378e-16
4042.05188372 4.85796e-16
4044.23454692 4.76421e-16
4046.41721012 4.07441e-16
4048.59987332 4.20346e-16
4050.78253653 4.21776e-16
4052.96519973 4.34988e-16
4055.14786293 4.6043e-16
4057.33052613 4.62987e-16
4059.51318933 5.34697e-16
4061.69585254 4.95582e-16
4063.87851574 4.48431e-16
4066.06117894 4.83523e-16
4068.24384214 4.4616e-16
4070.42650535 4.44847e-16
4072.60916855 4.65399e-16
4074.79183175 4.54285e-16
4076.97449495 4.93218e-16
4079.15715816 4.57284e-16
4081.33982136 4.63613e-16
4083.52248456 4.78633e-16
4085.70514776 4.43974e-16
4087.88781096 4.11917e-16
4090.07047417 4.4048e-16
4092.25313737 4.80406e-16
4094.43580057 4.52646e-16
4096.61846377 4.2394e-16
4098.80112698 4.46629e-16
4100.98379018 4.63017e-16
4103.16645338 4.53047e-16
4105.34911658 5.02422e-16
4107.53177979 4.93083e-16
4109.71444299 4.54305e-16
4111.89710619 4.44268e-16
4114.07976939 4.03614e-16
4116.26243259 4.55513e-16
4118.4450958 4.80293e-16
4120.627759 4.34467e-16
4122.8104222 4.6332e-16
4124.9930854 4.69957e-16
4127.17574861 4.70823e-16
4129.35841181 4.50713e-16
4131.54107501 4.38921e-16
4133.72373821 4.90588e-16
4135.90640141 4.65289e-16
4138.08906462 4.08886e-16
4140.27172782 4.39629e-16
4142.45439102 4.96013e-16
4144.63705422 4.79627e-16
4146.81971743 4.67261e-16
4149.00238063 4.71665e-16
4151.18504383 4.89249e-16
4153.36770703 4.57266e-16
4155.55037024 4.75715e-16
4157.73303344 4.91592e-16
4159.91569664 5.07632e-16
4162.09835984 3.97176e-16
4164.28102304 4.246e-16
4166.46368625 5.15826e-16
4168.64634945 4.25745e-16
4170.82901265 4.18723e-16
4173.01167585 4.69509e-16
4175.19433906 4.58019e-16
4177.37700226 4.10398e-16
4179.55966546 3.76387e-16
4181.74232866 4.218e-16
4183.92499187 4.41457e-16
4186.10765507 4.81175e-16
4188.29031827 4.60321e-16
4190.47298147 4.40507e-16
4192.65564467 4.33168e-16
4194.83830788 4.63977e-16
4197.02097108 4.28992e-16
4199.20363428 4.28748e-16
4201.38629748 4.52655e-16
4203.56896069 4.39963e-16
4205.75162389 4.1856e-16
4207.93428709 4.19542e-16
4210.11695029 4.95028e-16
4212.29961349 4.91763e-16
4214.4822767 4.28635e-16
4216.6649399 4.57671e-16
4218.8476031 4.2468e-16
4221.0302663 4.28103e-16
4223.21292951 4.62366e-16
4225.39559271 4.60012e-16
4227.57825591 4.2107e-16
4229.76091911 4.37031e-16
4231.94358232 4.14107e-16
4234.12624552 4.22324e-16
4236.30890872 4.48326e-16
4238.49157192 4.75737e-16
4240.67423512 4.26495e-16
4242.85689833 4.70478e-16
4245.03956153 4.38929e-16
4247.22222473 4.42728e-16
4249.40488793 4.89031e-16
4251.58755114 4.83001e-16
4253.77021434 4.2248e-16
4255.95287754 4.26672e-16
4258.13554074 4.38995e-16
4260.31820395 4.48435e-16
4262.50086715 4.94989e-16
4264.68353035 4.93405e-16
4266.86619355 4.89308e-16
4269.04885675 4.5093e-16
4271.23151996 4.65474e-16
4273.41418316 4.38755e-16
4275.59684636 4.81993e-16
4277.77950956 4.68469e-16
4279.96217277 4.32344e-16
4282.14483597 4.35563e-16
4284.32749917 4.6534e-16
4286.51016237 4.8862e-16
4288.69282557 4.61906e-16
4290.87548878 4.7886e-16
4293.05815198 4.79987e-16
4295.24081518 4.63077e-16
4297.42347838 4.64481e-16
4299.60614159 4.79341e-16
4301.78880479 4.22831e-16
4303.97146799 4.57326e-16
4306.15413119 4.7075e-16
4308.3367944 4.65786e-16
4310.5194576 4.86741e-16
4312.7021208 4.83261e-16
4314.884784 4.52493e-16
4317.0674472 4.69533e-16
4319.25011041 4.88631e-16
4321.43277361 4.86022e-16
4323.61543681 4.34642e-16
4325.79810001 4.38379e-16
4327.98076322 3.93551e-16
4330.16342642 4.38525e-16
4332.34608962 4.25263e-16
4334.52875282 4.50737e-16
4336.71141603 4.09132e-16
4338.89407923 5.3482e-16
4341.07674243 4.372e-16
4343.25940563 4.53702e-16
4345.44206883 5.15324e-16
4347.62473204 4.72512e-16
4349.80739524 4.79311e-16
4351.99005844 4.63541e-16
4354.17272164 4.41473e-16
4356.35538485 4.45983e-16
4358.53804805 3.98069e-16
4360.72071125 4.28536e-16
4362.90337445 4.32526e-16
4365.08603765 4.35429e-16
4367.26870086 4.15242e-16
4369.45136406 4.7259e-16
4371.63402726 4.55402e-16
4373.81669046 4.58359e-16
4375.99935367 5.15434e-16
4378.18201687 5.02718e-16
4380.36468007 4.57302e-16
4382.54734327 4.50942e-16
4384.73000648 4.14966e-16
4386.91266968 4.60542e-16
4389.09533288 4.94055e-16
4391.27799608 4.76817e-16
4393.46065928 4.35546e-16
4395.64332249 4.32207e-16
4397.82598569 4.62772e-16
4400.00864889 4.7429e-16
4402.19131209 4.37975e-16
4404.3739753 4.53504e-16
4406.5566385 4.98668e-16
4408.7393017 4.8907e-16
4410.9219649 4.45311e-16
4413.10462811 4.31507e-16
4415.28729131 4.43772e-16
4417.46995451 4.43388e-16
4419.65261771 4.43924e-16
4421.83528091 4.43577e-16
4424.01794412 3.77806e-16
4426.20060732 3.62522e-16
4428.38327052 4.10428e-16
4430.56593372 4.06997e-16
4432.74859693 4.19533e-16
4434.93126013 4.41562e-16
4437.11392333 4.24481e-16
4439.29658653 4.08865e-16
4441.47924973 4.54495e-16
4443.66191294 4.78429e-16
4445.84457614 4.85538e-16
4448.02723934 4.92358e-16
4450.20990254 4.42107e-16
4452.39256575 4.20093e-16
4454.57522895 4.10118e-16
4456.75789215 4.69918e-16
4458.94055535 4.59683e-16
4461.12321856 4.35918e-16
4463.30588176 4.1158e-16
4465.48854496 4.50904e-16
4467.67120816 4.74098e-16
4469.85387136 4.4597e-16
4472.03653457 4.07852e-16
4474.21919777 4.44198e-16
4476.40186097 4.43988e-16
4478.58452417 4.31232e-16
4480.76718738 4.37422e-16
4482.94985058 4.35631e-16
4485.13251378 4.39279e-16
4487.31517698 4.53573e-16
4489.49784019 4.68937e-16
4491.68050339 4.63273e-16
4493.86316659 4.74657e-16
4496.04582979 4.2842e-16
4498.22849299 4.67107e-16
4500.4111562 4.66044e-16
4502.5938194 4.57056e-16
4504.7764826 4.63088e-16
4506.9591458 4.36745e-16
4509.14180901 4.68671e-16
4511.32447221 4.61525e-16
4513.50713541 4.46903e-16
4515.68979861 4.98074e-16
4517.87246181 4.93879e-16
4520.05512502 4.74328e-16
4522.23778822 4.41032e-16
4524.42045142 4.66336e-16
4526.60311462 4.52059e-16
4528.78577783 4.7356e-16
4530.96844103 4.767e-16
4533.15110423 4.49323e-16
4535.33376743 4.78753e-16
4537.51643064 4.59153e-16
4539.69909384 4.10271e-16
4541.88175704 4.21063e-16
4544.06442024 4.46445e-16
4546.24708344 4.45134e-16
4548.42974665 4.38134e-16
4550.61240985 4.47668e-16
4552.79507305 4.97725e-16
4554.97773625 4.89443e-16
4557.16039946 4.76295e-16
4559.34306266 4.57965e-16
4561.52572586 4.31405e-16
4563.70838906 4.5023e-16
4565.89105227 4.4513e-16
4568.07371547 4.52092e-16
4570.25637867 4.41496e-16
4572.43904187 4.51559e-16
4574.62170507 4.56534e-16
4576.80436828 4.40682e-16
4578.98703148 4.36036e-16
4581.16969468 4.81932e-16
4583.35235788 4.76196e-16
4585.53502109 4.27495e-16
4587.71768429 4.11901e-16
4589.90034749 4.31088e-16
4592.08301069 4.46418e-16
4594.26567389 4.05108e-16
4596.4483371 4.00024e-16
4598.6310003 4.51127e-16
4600.8136635 4.76708e-16
4602.9963267 4.73241e-16
4605.17898991 4.24037e-16
4607.36165311 4.0782e-16
4609.54431631 4.57408e-16
4611.72697951 4.74705e-16
4613.90964272 4.56609e-16
4616.09230592 4.28062e-16
4618.27496912 4.306e-16
4620.45763232 4.65609e-16
4622.64029552 4.75361e-16
4624.82295873 4.75827e-16
4627.00562193 4.49019e-16
4629.18828513 4.35575e-16
4631.37094833 4.53562e-16
4633.55361154 4.47974e-16
4635.73627474 4.57336e-16
4637.91893794 4.68126e-16
4640.10160114 4.438e-16
4642.28426435 4.53893e-16
4644.46692755 4.48376e-16
4646.64959075 4.72761e-16
4648.83225395 4.83041e-16
4651.01491715 4.70697e-16
4653.19758036 4.95069e-16
4655.38024356 4.84972e-16
4657.56290676 4.31588e-16
4659.74556996 4.31812e-16
4661.92823317 4.82426e-16
4664.11089637 4.35567e-16
4666.29355957 3.73539e-16
4668.47622277 3.80123e-16
4670.65888597 3.99898e-16
4672.84154918 3.9838e-16
4675.02421238 3.99538e-16
4677.20687558 4.1444e-16
4679.38953878 3.81021e-16
4681.57220199 4.01817e-16
4683.75486519 4.2547e-16
4685.93752839 4.73412e-16
4688.12019159 4.43958e-16
4690.3028548 4.91095e-16
4692.485518 4.89409e-16
4694.6681812 4.20737e-16
4696.8508444 4.45586e-16
4699.0335076 4.32331e-16
4701.21617081 4.2053e-16
4703.39883401 4.29409e-16
4705.58149721 4.23405e-16
4707.76416041 4.36664e-16
4709.94682362 4.22392e-16
4712.12948682 4.15314e-16
4714.31215002 4.10665e-16
4716.49481322 4.02546e-16
4718.67747643 4.06579e-16
4720.86013963 4.01666e-16
4723.04280283 4.35953e-16
4725.22546603 4.19909e-16
4727.40812923 4.10359e-16
4729.59079244 4.23163e-16
4731.77345564 4.13095e-16
4733.95611884 4.30939e-16
4736.13878204 4.21173e-16
4738.32144525 3.91431e-16
4740.50410845 4.13817e-16
4742.68677165 4.06649e-16
4744.86943485 4.10374e-16
4747.05209805 4.57351e-16
4749.23476126 4.19454e-16
4751.41742446 3.72597e-16
4753.60008766 4.31757e-16
4755.78275086 4.37492e-16
4757.96541407 4.19302e-16
4760.14807727 4.27297e-16
4762.33074047 3.5762e-16
4764.51340367 3.6228e-16
4766.69606688 4.164e-16
4768.87873008 4.03759e-16
4771.06139328 3.79457e-16
4773.24405648 4.05541e-16
4775.42671968 4.06534e-16
4777.60938289 4.0181e-16
4779.79204609 4.24893e-16
4781.97470929 3.9843e-16
4784.15737249 4.14758e-16
4786.3400357 3.66817e-16
4788.5226989 3.59695e-16
4790.7053621 3.88812e-16
4792.8880253 3.92508e-16
4795.07068851 4.1746e-16
4797.25335171 3.78455e-16
4799.43601491 3.73408e-16
4801.61867811 4.25323e-16
4803.80134131 4.26404e-16
4805.98400452 4.01803e-16
4808.16666772 4.07587e-16
4810.34933092 3.83499e-16
4812.53199412 4.15285e-16
4814.71465733 3.76811e-16
4816.89732053 4.40843e-16
4819.07998373 4.0805e-16
4821.26264693 4.24057e-16
4823.44531013 4.5167e-16
4825.62797334 4.04712e-16
4827.81063654 4.08983e-16
4829.99329974 4.48333e-16
4832.17596294 3.61022e-16
4834.35862615 3.9487e-16
4836.54128935 4.23403e-16
4838.72395255 4.46824e-16
4840.90661575 4.20013e-16
4843.08927896 4.39203e-16
4845.27194216 3.99074e-16
4847.45460536 4.11765e-16
4849.63726856 4.31178e-16
4851.81993176 4.02138e-16
4854.00259497 4.29221e-16
4856.18525817 4.13931e-16
4858.36792137 4.19447e-16
4860.55058457 4.32496e-16
4862.73324778 4.37502e-16
4864.91591098 4.53894e-16
4867.09857418 4.34946e-16
4869.28123738 4.36326e-16
4871.46390059 4.3394e-16
4873.64656379 4.34189e-16
4875.82922699 4.01355e-16
4878.01189019 3.99083e-16
4880.19455339 4.18786e-16
4882.3772166 4.4399e-16
4884.5598798 4.64841e-16
4886.742543 4.34078e-16
4888.9252062 4.10803e-16
4891.10786941 4.32388e-16
4893.29053261 3.90371e-16
4895.47319581 4.33416e-16
4897.65585901 4.27816e-16
4899.83852221 4.27503e-16
4902.02118542 4.70479e-16
4904.20384862 4.5792e-16
4906.38651182 4.44779e-16
4908.56917502 4.70719e-16
4910.75183823 4.65139e-16
4912.93450143 4.54815e-16
4915.11716463 4.47093e-16
4917.29982783 4.33298e-16
4919.48249104 4.40466e-16
4921.66515424 4.33545e-16
4923.84781744 4.08523e-16
4926.03048064 4.68512e-16
4928.21314384 4.2791e-16
4930.39580705 4.20068e-16
4932.57847025 4.41465e-16
4934.76113345 4.37769e-16
4936.94379665 4.07074e-16
4939.12645986 4.45636e-16
4941.30912306 4.3523e-16
4943.49178626 4.55821e-16
4945.67444946 4.01286e-16
4947.85711267 4.01043e-16
4950.03977587 4.41382e-16
4952.22243907 4.61912e-16
4954.40510227 4.75022e-16
4956.58776547 4.34344e-16
4958.77042868 4.46002e-16
4960.95309188 3.91869e-16
4963.13575508 4.21571e-16
4965.31841828 4.54285e-16
4967.50108149 4.14277e-16
4969.68374469 4.63029e-16
4971.86640789 4.72286e-16
4974.04907109 5.11252e-16
4976.23173429 4.7931e-16
4978.4143975 4.58524e-16
4980.5970607 4.2196e-16
4982.7797239 4.49689e-16
4984.9623871 4.62424e-16
4987.14505031 4.27758e-16
4989.32771351 4.6322e-16
4991.51037671 4.55464e-16
4993.69303991 4.49214e-16
4995.87570312 4.69906e-16
4998.05836632 4.47955e-16
5000.24102952 4.04058e-16
5002.42369272 3.96863e-16
5004.60635592 4.43175e-16
5006.78901913 4.52555e-16
5008.97168233 4.42594e-16
5011.15434553 4.40565e-16
5013.33700873 4.36865e-16
5015.51967194 4.68721e-16
5017.70233514 4.67145e-16
5019.88499834 4.05177e-16
5022.06766154 4.16356e-16
5024.25032475 4.70583e-16
5026.43298795 4.40069e-16
5028.61565115 4.15125e-16
5030.79831435 4.32573e-16
5032.98097755 3.99132e-16
5035.16364076 4.16631e-16
5037.34630396 4.45114e-16
5039.52896716 4.31808e-16
5041.71163036 4.41912e-16
5043.89429357 4.09558e-16
5046.07695677 4.02995e-16
5048.25961997 4.39378e-16
5050.44228317 4.25636e-16
5052.62494637 4.01001e-16
5054.80760958 4.08866e-16
5056.99027278 4.3368e-16
5059.17293598 4.4907e-16
5061.35559918 4.53142e-16
5063.53826239 4.38238e-16
5065.72092559 4.16402e-16
5067.90358879 4.31732e-16
5070.08625199 4.47493e-16
5072.2689152 3.9991e-16
5074.4515784 4.2193e-16
5076.6342416 4.478e-16
5078.8169048 4.12722e-16
5080.999568 4.14943e-16
5083.18223121 4.28623e-16
5085.36489441 4.30643e-16
5087.54755761 4.29901e-16
5089.73022081 4.42715e-16
5091.91288402 4.83728e-16
5094.09554722 4.42394e-16
5096.27821042 4.28944e-16
5098.46087362 4.13454e-16
5100.64353683 4.15227e-16
5102.82620003 4.19764e-16
5105.00886323 4.23479e-16
5107.19152643 4.50278e-16
5109.37418963 4.13623e-16
5111.55685284 3.88733e-16
5113.73951604 4.4039e-16
5115.92217924 4.45779e-16
5118.10484244 4.4157e-16
5120.28750565 4.46479e-16
5122.47016885 4.70615e-16
5124.65283205 4.61742e-16
5126.83549525 4.7755e-16
5129.01815845 4.33034e-16
5131.20082166 4.46618e-16
5133.38348486 4.11707e-16
5135.56614806 4.19487e-16
5137.74881126 4.06973e-16
5139.93147447 4.1963e-16
5142.11413767 4.25889e-16
5144.29680087 4.06172e-16
5146.47946407 4.10871e-16
5148.66212728 4.31e-16
5150.84479048 4.25275e-16
5153.02745368 4.29444e-16
5155.21011688 3.92227e-16
5157.39278008 3.79166e-16
5159.57544329 4.52204e-16
5161.75810649 4.81294e-16
5163.94076969 4.46192e-16
5166.12343289 3.89112e-16
5168.3060961 3.96116e-16
5170.4887593 4.16023e-16
5172.6714225 4.27378e-16
5174.8540857 4.1875e-16
5177.03674891 4.43642e-16
5179.21941211 4.16711e-16
5181.40207531 4.3386e-16
5183.58473851 4.49565e-16
5185.76740171 4.40456e-16
5187.95006492 4.13509e-16
5190.13272812 4.16062e-16
5192.31539132 4.25816e-16
5194.49805452 4.15189e-16
5196.68071773 3.95803e-16
5198.86338093 4.32794e-16
5201.04604413 3.90598e-16
5203.22870733 4.24327e-16
5205.41137053 4.18486e-16
5207.59403374 4.19042e-16
5209.77669694 4.03806e-16
5211.95936014 4.15435e-16
5214.14202334 4.26914e-16
5216.32468655 4.13956e-16
5218.50734975 3.97437e-16
5220.69001295 3.91463e-16
5222.87267615 4.18301e-16
5225.05533936 4.11143e-16
5227.23800256 4.21299e-16
5229.42066576 4.10365e-16
5231.60332896 4.41192e-16
5233.78599216 4.23076e-16
5235.96865537 4.23899e-16
5238.15131857 4.10233e-16
5240.33398177 4.52044e-16
5242.51664497 4.36669e-16
5244.69930818 4.12259e-16
5246.88197138 3.99176e-16
5249.06463458 3.75264e-16
5251.24729778 3.76387e-16
5253.42996099 4.148e-16
5255.61262419 4.38965e-16
5257.79528739 4.08796e-16
5259.97795059 4.09233e-16
5262.16061379 4.05174e-16
5264.343277 3.98615e-16
5266.5259402 4.05324e-16
5268.7086034 3.99417e-16
5270.8912666 3.99031e-16
5273.07392981 4.1478e-16
5275.25659301 4.22444e-16
5277.43925621 4.34551e-16
5279.62191941 4.07906e-16
5281.80458261 4.23704e-16
5283.98724582 4.00213e-16
5286.16990902 3.98456e-16
5288.35257222 4.08945e-16
5290.53523542 4.15636e-16
5292.71789863 3.84284e-16
5294.90056183 3.98443e-16
5297.08322503 3.9079e-16
5299.26588823 3.8589e-16
5301.44855144 4.40264e-16
5303.63121464 4.19657e-16
5305.81387784 3.98098e-16
5307.99654104 4.22919e-16
5310.17920424 3.78658e-16
5312.36186745 4.0891e-16
5314.54453065 3.83889e-16
5316.72719385 3.92325e-16
5318.90985705 4.2095e-16
5321.09252026 4.29671e-16
5323.27518346 4.26064e-16
5325.45784666 4.07393e-16
5327.64050986 4.13662e-16
5329.82317307 4.0616e-16
5332.00583627 4.16891e-16
5334.18849947 4.2884e-16
5336.37116267 4.35082e-16
5338.55382587 3.93406e-16
5340.73648908 3.83986e-16
5342.91915228 4.08987e-16
5345.10181548 3.96116e-16
5347.28447868 3.79582e-16
5349.46714189 3.74399e-16
5351.64980509 4.33073e-16
5353.83246829 4.21502e-16
5356.01513149 4.04681e-16
5358.19779469 4.22866e-16
5360.3804579 4.10327e-16
5362.5631211 4.10746e-16
5364.7457843 4.03354e-16
5366.9284475 3.93428e-16
5369.11111071 3.94874e-16
5371.29377391 3.85614e-16
5373.47643711 3.73623e-16
5375.65910031 3.7109e-16
5377.84176352 3.60012e-16
5380.02442672 3.92323e-16
5382.20708992 3.97462e-16
5384.38975312 3.60336e-16
5386.57241632 3.97363e-16
5388.75507953 4.00261e-16
5390.93774273 3.91107e-16
5393.12040593 4.02857e-16
5395.30306913 4.09299e-16
5397.48573234 4.1423e-16
5399.66839554 3.9331e-16
5401.85105874 3.81865e-16
5404.03372194 4.25158e-16
5406.21638515 4.29935e-16
5408.39904835 4.1018e-16
5410.58171155 4.27274e-16
5412.76437475 3.9689e-16
5414.94703795 4.0421e-16
5417.12970116 4.22762e-16
5419.31236436 4.14557e-16
5421.49502756 3.98401e-16
5423.67769076 3.9763e-16
5425.86035397 4.08988e-16
5428.04301717 3.99803e-16
5430.22568037 3.97073e-16
5432.40834357 4.03375e-16
5434.59100677 4.0084e-16
5436.77366998 4.0769e-16
5438.95633318 4.12945e-16
5441.13899638 3.87962e-16
5443.32165958 4.07943e-16
5445.50432279 4.29211e-16
5447.68698599 4.10193e-16
5449.86964919 3.81221e-16
5452.05231239 4.02703e-16
5454.2349756 4.1713e-16
5456.4176388 4.22456e-16
5458.600302 4.3289e-16
5460.7829652 3.94491e-16
5462.9656284 3.84867e-16
5465.14829161 3.9558e-16
5467.33095481 4.23152e-16
5469.51361801 4.29846e-16
5471.69628121 4.34704e-16
5473.87894442 4.21802e-16
5476.06160762 3.95528e-16
5478.24427082 4.10913e-16
5480.42693402 4.10961e-16
5482.60959723 4.27439e-16
5484.79226043 4.18299e-16
5486.97492363 3.87801e-16
5489.15758683 4.14898e-16
5491.34025003 4.24245e-16
5493.52291324 4.12927e-16
5495.70557644 4.1943e-16
5497.88823964 4.1008e-16
5500.07090284 4.1029e-16
5502.25356605 3.86054e-16
5504.43622925 4.14399e-16
5506.61889245 3.96256e-16
5508.80155565 3.78129e-16
5510.98421885 3.81247e-16
5513.16688206 3.91275e-16
5515.34954526 3.99998e-16
5517.53220846 4.17098e-16
5519.71487166 4.34888e-16
5521.89753487 3.9917e-16
5524.08019807 4.08667e-16
5526.26286127 4.37608e-16
5528.44552447 4.16032e-16
5530.62818768 4.04587e-16
5532.81085088 3.74164e-16
5534.99351408 3.62775e-16
5537.17617728 3.75484e-16
5539.35884048 4.20764e-16
5541.54150369 4.11661e-16
5543.72416689 4.03647e-16
5545.90683009 4.29557e-16
5548.08949329 3.87745e-16
5550.2721565 3.78093e-16
5552.4548197 3.95149e-16
5554.6374829 3.86129e-16
5556.8201461 4.29725e-16
5559.00280931 3.95851e-16
5561.18547251 3.84859e-16
5563.36813571 4.17736e-16
5565.55079891 3.83494e-16
5567.73346211 3.86675e-16
5569.91612532 3.67942e-16
5572.09878852 3.94224e-16
5574.28145172 4.08788e-16
5576.46411492 3.96271e-16
5578.64677813 4.15395e-16
5580.82944133 3.89335e-16
5583.01210453 3.6643e-16
5585.19476773 3.93347e-16
5587.37743093 3.70427e-16
5589.56009414 3.92489e-16
5591.74275734 4.02533e-16
5593.92542054 3.86247e-16
5596.10808374 3.85627e-16
5598.29074695 3.8863e-16
5600.47341015 3.95733e-16
5602.65607335 3.75265e-16
5604.83873655 3.9878e-16
5607.02139976 4.05335e-16
5609.20406296 4.00544e-16
5611.38672616 4.13542e-16
5613.56938936 3.97694e-16
5615.75205256 3.9337e-16
5617.93471577 3.97775e-16
5620.11737897 3.6689e-16
5622.30004217 3.79329e-16
5624.48270537 3.74458e-16
5626.66536858 3.83598e-16
5628.84803178 3.94265e-16
5631.03069498 4.01357e-16
5633.21335818 3.49221e-16
5635.39602139 3.79434e-16
5637.57868459 4.0721e-16
5639.76134779 3.61634e-16
5641.94401099 3.74168e-16
5644.12667419 3.67456e-16
5646.3093374 3.54791e-16
5648.4920006 3.76097e-16
5650.6746638 3.91995e-16
5652.857327 3.98601e-16
5655.03999021 3.63318e-16
5657.22265341 3.78188e-16
5659.40531661 3.6769e-16
5661.58797981 3.65335e-16
5663.77064301 3.86269e-16
5665.95330622 3.89518e-16
5668.13596942 3.81782e-16
5670.31863262 3.58569e-16
5672.50129582 3.80883e-16
5674.68395903 3.60991e-16
5676.86662223 3.80636e-16
5679.04928543 3.78522e-16
5681.23194863 3.97393e-16
5683.41461184 3.76263e-16
5685.59727504 3.8006e-16
5687.77993824 3.68804e-16
5689.96260144 3.64516e-16
5692.14526464 3.81453e-16
5694.32792785 3.6796e-16
5696.51059105 3.72496e-16
5698.69325425 3.71601e-16
5700.87591745 3.78737e-16
5703.05858066 3.99969e-16
5705.24124386 3.94293e-16
5707.42390706 3.65575e-16
5709.60657026 3.46171e-16
5711.78923347 3.6436e-16
5713.97189667 3.57083e-16
5716.15455987 3.68655e-16
5718.33722307 3.82925e-16
5720.51988627 3.89674e-16
5722.70254948 3.7026e-16
5724.88521268 3.61663e-16
5727.06787588 3.69437e-16
5729.25053908 3.75001e-16
5731.43320229 4.0602e-16
5733.61586549 3.57451e-16
5735.79852869 3.71361e-16
5737.98119189 3.80742e-16
5740.16385509 4.03495e-16
5742.3465183 3.74868e-16
5744.5291815 3.75337e-16
5746.7118447 3.83556e-16
5748.8945079 3.7838e-16
5751.07717111 3.59437e-16
5753.25983431 3.67325e-16
5755.44249751 3.74849e-16
5757.62516071 3.65533e-16
5759.80782392 3.72859e-16
5761.99048712 3.55458e-16
5764.17315032 3.70546e-16
5766.35581352 3.38694e-16
5768.53847672 3.34427e-16
5770.72113993 3.25654e-16
5772.90380313 3.75506e-16
5775.08646633 3.6853e-16
5777.26912953 3.50897e-16
5779.45179274 3.3044e-16
5781.63445594 3.37714e-16
5783.81711914 3.89192e-16
5785.99978234 3.81394e-16
5788.18244555 3.72946e-16
5790.36510875 3.67023e-16
5792.54777195 3.53081e-16
5794.73043515 3.70309e-16
5796.91309835 3.71534e-16
5799.09576156 3.48471e-16
5801.27842476 3.75077e-16
5803.46108796 3.74072e-16
5805.64375116 3.55092e-16
5807.82641437 3.66452e-16
5810.00907757 3.75089e-16
5812.19174077 3.79497e-16
5814.37440397 3.56597e-16
5816.55706717 3.69171e-16
5818.73973038 3.52524e-16
5820.92239358 3.69901e-16
5823.10505678 3.60814e-16
5825.28771998 3.51425e-16
5827.47038319 3.69998e-16
5829.65304639 3.55474e-16
5831.83570959 3.80739e-16
5834.01837279 3.71682e-16
5836.201036 3.5094e-16
5838.3836992 3.97393e-16
5840.5663624 3.58965e-16
5842.7490256 3.54096e-16
5844.9316888 3.54386e-16
5847.11435201 3.89677e-16
5849.29701521 4.02373e-16
5851.47967841 3.73503e-16
5853.66234161 3.95046e-16
5855.84500482 3.73372e-16
5858.02766802 3.6194e-16
5860.21033122 3.71821e-16
5862.39299442 3.60295e-16
5864.57565763 3.82024e-16
5866.75832083 3.7259e-16
5868.94098403 3.80304e-16
5871.12364723 3.7407e-16
5873.30631043 3.65995e-16
5875.48897364 3.72018e-16
5877.67163684 3.89593e-16
5879.85430004 3.68891e-16
5882.03696324 3.99765e-16
5884.21962645 3.66715e-16
5886.40228965 3.27658e-16
5888.58495285 3.40517e-16
5890.76761605 3.10292e-16
5892.95027925 3.4961e-16
5895.13294246 3.67091e-16
5897.31560566 3.51462e-16
5899.49826886 3.479e-16
5901.68093206 3.4027e-16
5903.86359527 3.71007e-16
5906.04625847 3.97733e-16
5908.22892167 3.98884e-16
5910.41158487 3.80386e-16
5912.59424808 3.64632e-16
5914.77691128 3.85607e-16
5916.95957448 3.62869e-16
5919.14223768 3.60938e-16
5921.32490088 3.80722e-16
5923.50756409 3.56642e-16
5925.69022729 3.88275e-16
5927.87289049 3.47755e-16
5930.05555369 3.86727e-16
5932.2382169 3.97086e-16
5934.4208801 3.65797e-16
5936.6035433 3.84494e-16
5938.7862065 4.26988e-16
5940.96886971 3.70485e-16
5943.15153291 3.74325e-16
5945.33419611 3.85671e-16
5947.51685931 3.59332e-16
5949.69952251 3.61343e-16
5951.88218572 3.74379e-16
5954.06484892 3.80343e-16
5956.24751212 3.63184e-16
5958.43017532 3.97893e-16
5960.61283853 3.91573e-16
5962.79550173 3.70551e-16
5964.97816493 3.4718e-16
5967.16082813 3.55663e-16
5969.34349133 3.48636e-16
5971.52615454 3.53694e-16
5973.70881774 3.42159e-16
5975.89148094 3.60627e-16
5978.07414414 3.79149e-16
5980.25680735 3.77436e-16
5982.43947055 3.78435e-16
5984.62213375 3.55394e-16
5986.80479695 3.82973e-16
5988.98746016 3.89884e-16
5991.17012336 3.61093e-16
5993.35278656 3.37079e-16
5995.53544976 3.81131e-16
5997.71811296 3.76401e-16
5999.90077617 3.65262e-16
6002.08343937 3.80107e-16
6004.26610257 3.80985e-16
6006.44876577 3.51892e-16
6008.63142898 3.3653e-16
6010.81409218 3.50828e-16
6012.99675538 3.84645e-16
6015.17941858 3.77192e-16
6017.36208179 3.42354e-16
6019.54474499 3.64169e-16
6021.72740819 3.79794e-16
6023.91007139 3.507e-16
6026.09273459 3.22614e-16
6028.2753978 3.59504e-16
6030.458061 3.61216e-16
6032.6407242 3.44717e-16
6034.8233874 3.30613e-16
6037.00605061 3.54168e-16
6039.18871381 3.73676e-16
6041.37137701 3.53236e-16
6043.55404021 3.4987e-16
6045.73670341 3.43666e-16
6047.91936662 3.24095e-16
6050.10202982 3.49919e-16
6052.28469302 3.6967e-16
6054.46735622 3.40082e-16
6056.65001943 3.46374e-16
6058.83268263 3.72501e-16
6061.01534583 3.65367e-16
6063.19800903 3.49725e-16
6065.38067224 3.59511e-16
6067.56333544 3.49391e-16
6069.74599864 3.56721e-16
6071.92866184 3.50354e-16
6074.11132504 3.64533e-16
6076.29398825 3.50663e-16
6078.47665145 3.53505e-16
6080.65931465 3.23332e-16
6082.84197785 3.3658e-16
6085.02464106 3.41105e-16
6087.20730426 3.54868e-16
6089.38996746 3.35321e-16
6091.57263066 3.35334e-16
6093.75529387 3.14962e-16
6095.93795707 3.53582e-16
6098.12062027 3.39129e-16
6100.30328347 3.75263e-16
6102.48594667 3.39701e-16
6104.66860988 3.21211e-16
6106.85127308 3.43282e-16
6109.03393628 3.47394e-16
6111.21659948 3.42667e-16
6113.39926269 3.27409e-16
6115.58192589 3.43918e-16
6117.76458909 3.51905e-16
6119.94725229 3.43469e-16
6122.12991549 3.5138e-16
6124.3125787 3.18523e-16
6126.4952419 3.12694e-16
6128.6779051 3.32479e-16
6130.8605683 3.21888e-16
6133.04323151 3.35981e-16
6135.22589471 3.38915e-16
6137.40855791 3.14814e-16
6139.59122111 3.35276e-16
6141.77388432 3.44545e-16
6143.95654752 3.41386e-16
6146.13921072 3.1929e-16
6148.32187392 3.1048e-16
6150.50453712 3.15649e-16
6152.68720033 3.16931e-16
6154.86986353 3.54481e-16
6157.05252673 3.37623e-16
6159.23518993 3.28646e-16
6161.41785314 3.20515e-16
6163.60051634 3.32797e-16
6165.78317954 3.35134e-16
6167.96584274 3.09452e-16
6170.14850595 3.08815e-16
6172.33116915 3.22233e-16
6174.51383235 3.36306e-16
6176.69649555 3.40955e-16
6178.87915875 3.01936e-16
6181.06182196 3.19416e-16
6183.24448516 3.46705e-16
6185.42714836 3.40311e-16
6187.60981156 3.1981e-16
6189.79247477 3.26188e-16
6191.97513797 3.34425e-16
6194.15780117 3.05595e-16
6196.34046437 3.27715e-16
6198.52312757 2.87157e-16
6200.70579078 2.66679e-16
6202.88845398 3.25803e-16
6205.07111718 3.3463e-16
6207.25378038 3.06439e-16
6209.43644359 2.94049e-16
6211.61910679 3.70113e-16
6213.80176999 3.40425e-16
6215.98443319 2.90883e-16
6218.1670964 3.30072e-16
6220.3497596 3.27421e-16
6222.5324228 3.20774e-16
6224.715086 3.23581e-16
6226.8977492 3.2925e-16
6229.08041241 3.14095e-16
6231.26307561 3.18578e-16
6233.44573881 3.14929e-16
6235.62840201 2.94131e-16
6237.81106522 3.17476e-16
6239.99372842 2.96699e-16
6242.17639162 2.92707e-16
6244.35905482 3.07488e-16
6246.54171803 3.0353e-16
6248.72438123 2.76888e-16
6250.90704443 3.05504e-16
6253.08970763 3.29771e-16
6255.27237083 3.22331e-16
6257.45503404 3.00199e-16
6259.63769724 3.16118e-16
6261.82036044 3.06917e-16
6264.00302364 2.83941e-16
6266.18568685 2.835e-16
6268.36835005 2.8595e-16
6270.55101325 2.78595e-16
6272.73367645 2.89588e-16
6274.91633965 3.00716e-16
6277.09900286 2.76004e-16
6279.28166606 2.74656e-16
6281.46432926 2.5536e-16
6283.64699246 2.62371e-16
6285.82965567 2.81946e-16
6288.01231887 2.51624e-16
6290.19498207 2.62605e-16
6292.37764527 2.90461e-16
6294.56030848 2.78718e-16
6296.74297168 2.60055e-16
6298.92563488 2.7143e-16
6301.10829808 2.54575e-16
6303.29096128 3.01869e-16
6305.47362449 2.90502e-16
6307.65628769 2.63184e-16
6309.83895089 2.88945e-16
6312.02161409 2.72091e-16
6314.2042773 2.67142e-16
6316.3869405 2.71297e-16
6318.5696037 2.74008e-16
6320.7522669 2.76815e-16
6322.93493011 2.83542e-16
6325.11759331 2.61822e-16
6327.30025651 2.80144e-16
6329.48291971 2.76909e-16
6331.66558291 2.67933e-16
6333.84824612 2.75631e-16
6336.03090932 2.89623e-16
6338.21357252 2.75753e-16
6340.39623572 2.65054e-16
6342.57889893 2.59757e-16
6344.76156213 2.73441e-16
6346.94422533 2.67643e-16
6349.12688853 2.78202e-16
6351.30955173 2.78412e-16
6353.49221494 2.42305e-16
6355.67487814 2.56331e-16
6357.85754134 2.87492e-16
6360.04020454 2.937e-16
6362.22286775 2.58672e-16
6364.40553095 2.80145e-16
6366.58819415 2.76533e-16
6368.77085735 2.71857e-16
6370.95352056 2.67944e-16
6373.13618376 2.62227e-16
6375.31884696 2.60873e-16
6377.50151016 2.52632e-16
6379.68417336 2.43087e-16
6381.86683657 2.61878e-16
6384.04949977 2.45332e-16
6386.23216297 2.65733e-16
6388.41482617 2.54052e-16
6390.59748938 2.65375e-16
6392.78015258 2.42539e-16
6394.96281578 2.61724e-16
6397.14547898 2.64559e-16
6399.32814219 2.69708e-16
6401.51080539 2.62382e-16
6403.69346859 2.83496e-16
6405.87613179 2.95776e-16
6408.05879499 2.844e-16
6410.2414582 2.88624e-16
6412.4241214 2.69363e-16
6414.6067846 2.72165e-16
6416.7894478 2.78437e-16
6418.97211101 2.54922e-16
6421.15477421 2.72605e-16
6423.33743741 2.71835e-16
6425.52010061 2.76369e-16
6427.70276381 2.73542e-16
6429.88542702 2.74907e-16
6432.06809022 2.54424e-16
6434.25075342 2.75922e-16
6436.43341662 2.78402e-16
6438.61607983 2.635e-16
6440.79874303 2.71012e-16
6442.98140623 2.92715e-16
6445.16406943 2.72585e-16
6447.34673264 2.88082e-16
6449.52939584 2.65152e-16
6451.71205904 2.73223e-16
6453.89472224 2.6906e-16
6456.07738544 2.58392e-16
6458.26004865 2.64966e-16
6460.44271185 2.89528e-16
6462.62537505 2.84494e-16
6464.80803825 2.66333e-16
6466.99070146 2.74959e-16
6469.17336466 2.75348e-16
6471.35602786 2.6775e-16
6473.53869106 2.52303e-16
6475.72135427 2.82532e-16
6477.90401747 2.63293e-16
6480.08668067 2.58264e-16
6482.26934387 2.67965e-16
6484.45200707 2.71026e-16
6486.63467028 2.6995e-16
6488.81733348 2.63071e-16
6490.99999668 2.66504e-16
6493.18265988 2.71219e-16
6495.36532309 2.75692e-16
6497.54798629 2.60223e-16
6499.73064949 2.69966e-16
6501.91331269 2.73236e-16
6504.09597589 2.63393e-16
6506.2786391 2.83255e-16
6508.4613023 2.93078e-16
6510.6439655 2.80291e-16
6512.8266287 2.65491e-16
6515.00929191 2.7142e-16
6517.19195511 2.50202e-16
6519.37461831 2.55113e-16
6521.55728151 2.74109e-16
6523.73994472 2.86904e-16
6525.92260792 2.84569e-16
6528.10527112 2.66133e-16
6530.28793432 2.60844e-16
6532.47059752 2.56724e-16
6534.65326073 2.82917e-16
6536.83592393 2.94707e-16
6539.01858713 2.62823e-16
6541.20125033 2.80053e-16
6543.38391354 2.6526e-16
6545.56657674 2.71473e-16
6547.74923994 2.79324e-16
6549.93190314 2.7018e-16
6552.11456635 2.86188e-16
6554.29722955 2.655e-16
6556.47989275 2.63789e-16
6558.66255595 2.76576e-16
6560.84521915 2.86823e-16
6563.02788236 2.70266e-16
6565.21054556 2.82412e-16
6567.39320876 2.83168e-16
6569.57587196 2.92369e-16
6571.75853517 2.83405e-16
6573.94119837 2.76679e-16
6576.12386157 2.79463e-16
6578.30652477 2.92544e-16
6580.48918797 2.86604e-16
6582.67185118 2.81351e-16
6584.85451438 2.86547e-16
6587.03717758 2.8675e-16
6589.21984078 2.78448e-16
6591.40250399 2.87826e-16
6593.58516719 2.69064e-16
6595.76783039 2.57475e-16
6597.95049359 2.72167e-16
6600.1331568 2.81478e-16
6602.31582 2.87678e-16
6604.4984832 2.7631e-16
6606.6811464 2.88367e-16
6608.8638096 2.94719e-16
6611.04647281 2.91603e-16
6613.22913601 2.74119e-16
6615.41179921 2.68287e-16
6617.59446241 2.78664e-16
6619.77712562 3.01476e-16
6621.95978882 2.95315e-16
6624.14245202 2.87624e-16
6626.32511522 2.7943e-16
6628.50777843 2.83731e-16
6630.69044163 2.93467e-16
6632.87310483 2.88831e-16
6635.05576803 2.79606e-16
6637.23843123 2.72915e-16
6639.42109444 2.86987e-16
6641.60375764 2.78944e-16
6643.78642084 2.76909e-16
6645.96908404 2.81637e-16
6648.15174725 2.75456e-16
6650.33441045 2.66832e-16
6652.51707365 2.77139e-16
6654.69973685 2.82628e-16
6656.88240005 2.79943e-16
6659.06506326 2.82095e-16
6661.24772646 2.83903e-16
6663.43038966 2.98718e-16
6665.61305286 2.9583e-16
6667.79571607 2.76594e-16
6669.97837927 2.70518e-16
6672.16104247 2.72081e-16
6674.34370567 2.8663e-16
6676.52636888 2.95036e-16
6678.70903208 2.78758e-16
6680.89169528 2.73655e-16
6683.07435848 2.72984e-16
6685.25702168 2.74405e-16
6687.43968489 2.79754e-16
6689.62234809 2.7423e-16
6691.80501129 2.74714e-16
6693.98767449 2.76668e-16
6696.1703377 2.76925e-16
6698.3530009 2.73123e-16
6700.5356641 2.73273e-16
6702.7183273 2.73962e-16
6704.90099051 2.78769e-16
6707.08365371 2.86321e-16
6709.26631691 2.76239e-16
6711.44898011 2.91408e-16
6713.63164331 3.38934e-16
6715.81430652 3.65555e-16
6717.99696972 3.62705e-16
6720.17963292 3.19149e-16
6722.36229612 2.80695e-16
6724.54495933 2.87565e-16
6726.72762253 2.70784e-16
6728.91028573 2.58937e-16
6731.09294893 2.51725e-16
6733.27561213 2.67445e-16
6735.45827534 2.86342e-16
6737.64093854 2.93899e-16
6739.82360174 2.80385e-16
6742.00626494 2.73641e-16
6744.18892815 2.63521e-16
6746.37159135 2.68432e-16
6748.55425455 2.58366e-16
6750.73691775 2.60823e-16
6752.91958096 2.72177e-16
6755.10224416 2.60058e-16
6757.28490736 2.55674e-16
6759.46757056 2.27537e-16
6761.65023376 2.42452e-16
6763.83289697 2.58685e-16
6766.01556017 2.43775e-16
6768.19822337 2.28316e-16
6770.38088657 2.23478e-16
6772.56354978 2.38439e-16
6774.74621298 2.37638e-16
6776.92887618 2.3856e-16
6779.11153938 2.34588e-16
6781.29420259 2.23347e-16
6783.47686579 2.33901e-16
6785.65952899 2.31567e-16
6787.84219219 2.26132e-16
6790.02485539 2.19525e-16
6792.2075186 2.41449e-16
6794.3901818 2.43255e-16
6796.572845 2.24737e-16
6798.7555082 2.24004e-16
6800.93817141 2.3204e-16
6803.12083461 2.45819e-16
6805.30349781 2.26405e-16
6807.48616101 2.33129e-16
6809.66882421 2.21919e-16
6811.85148742 2.16298e-16
6814.03415062 2.26827e-16
6816.21681382 2.31438e-16
6818.39947702 2.22781e-16
6820.58214023 2.31343e-16
6822.76480343 2.4187e-16
6824.94746663 2.20854e-16
6827.13012983 2.31465e-16
6829.31279304 2.1723e-16
6831.49545624 2.10353e-16
6833.67811944 2.18016e-16
6835.86078264 2.1176e-16
6838.04344584 2.28627e-16
6840.22610905 2.25911e-16
6842.40877225 2.17052e-16
6844.59143545 2.11576e-16
6846.77409865 2.20175e-16
6848.95676186 2.30825e-16
6851.13942506 2.2732e-16
6853.32208826 2.31536e-16
6855.50475146 2.18861e-16
6857.68741467 2.14925e-16
6859.87007787 2.11161e-16
6862.05274107 2.18295e-16
6864.23540427 2.00953e-16
6866.41806747 1.92173e-16
6868.60073068 1.75886e-16
6870.78339388 1.80535e-16
6872.96605708 1.82074e-16
6875.14872028 1.76956e-16
6877.33138349 1.78262e-16
6879.51404669 1.9863e-16
6881.69670989 1.91428e-16
6883.87937309 2.00729e-16
6886.06203629 1.97634e-16
6888.2446995 2.08427e-16
6890.4273627 2.1689e-16
6892.6100259 2.16209e-16
6894.7926891 1.95279e-16
6896.97535231 1.86879e-16
6899.15801551 1.95134e-16
6901.34067871 1.87715e-16
6903.52334191 1.8682e-16
6905.70600512 1.90133e-16
6907.88866832 1.92973e-16
6910.07133152 1.98759e-16
6912.25399472 1.8242e-16
6914.43665792 2.00349e-16
6916.61932113 2.01182e-16
6918.80198433 1.92176e-16
6920.98464753 2.00964e-16
6923.16731073 1.99373e-16
6925.34997394 1.84561e-16
6927.53263714 1.91471e-16
6929.71530034 1.91847e-16
6931.89796354 1.87808e-16
6934.08062675 1.97609e-16
6936.26328995 1.92539e-16
6938.44595315 1.88689e-16
6940.62861635 1.8794e-16
6942.81127955 1.83488e-16
6944.99394276 1.94933e-16
6947.17660596 1.81566e-16
6949.35926916 1.8212e-16
6951.54193236 1.85639e-16
6953.72459557 1.95137e-16
6955.90725877 1.8189e-16
6958.08992197 1.81111e-16
6960.27258517 1.80481e-16
6962.45524837 1.8521e-16
6964.63791158 1.91281e-16
6966.82057478 1.71396e-16
6969.00323798 1.9009e-16
6971.18590118 1.93844e-16
6973.36856439 1.79028e-16
6975.55122759 1.76381e-16
6977.73389079 1.98582e-16
6979.91655399 1.85468e-16
6982.0992172 1.80572e-16
6984.2818804 1.81412e-16
6986.4645436 1.82498e-16
6988.6472068 1.701e-16
6990.82987 1.5765e-16
6993.01253321 1.73389e-16
6995.19519641 1.74439e-16
6997.37785961 1.80882e-16
6999.56052281 1.86515e-16
7001.74318602 1.89797e-16
7003.92584922 1.84021e-16
7006.10851242 1.69282e-16
7008.29117562 1.90054e-16
7010.47383883 1.95286e-16
7012.65650203 1.76345e-16
7014.83916523 1.6705e-16
7017.02182843 1.80447e-16
7019.20449163 1.81167e-16
7021.38715484 1.91896e-16
7023.56981804 1.9511e-16
7025.75248124 1.82937e-16
7027.93514444 1.73832e-16
7030.11780765 1.69563e-16
7032.30047085 1.92485e-16
7034.48313405 1.9503e-16
7036.66579725 1.75862e-16
7038.84846045 1.85982e-16
7041.03112366 1.83149e-16
7043.21378686 1.77247e-16
7045.39645006 1.8474e-16
7047.57911326 1.96438e-16
7049.76177647 1.99498e-16
7051.94443967 1.91201e-16
7054.12710287 1.90424e-16
7056.30976607 1.87414e-16
7058.49242928 1.74962e-16
7060.67509248 1.68798e-16
7062.85775568 1.93905e-16
7065.04041888 1.97003e-16
7067.22308208 1.7335e-16
7069.40574529 1.67332e-16
7071.58840849 1.77146e-16
7073.77107169 1.9078e-16
7075.95373489 1.86381e-16
7078.1363981 1.92996e-16
7080.3190613 1.99625e-16
7082.5017245 1.78246e-16
7084.6843877 1.73559e-16
7086.86705091 1.80564e-16
7089.04971411 1.87343e-16
7091.23237731 2.04138e-16
7093.41504051 1.95048e-16
7095.59770371 1.8116e-16
7097.78036692 1.8036e-16
7099.96303012 2.03055e-16
7102.14569332 1.84707e-16
7104.32835652 1.75646e-16
7106.51101973 1.93741e-16
7108.69368293 1.86108e-16
7110.87634613 1.90216e-16
7113.05900933 1.94094e-16
7115.24167253 1.87632e-16
7117.42433574 1.80242e-16
7119.60699894 1.89066e-16
7121.78966214 1.9572e-16
7123.97232534 1.86196e-16
7126.15498855 1.88897e-16
7128.33765175 2.03687e-16
7130.52031495 1.94857e-16
7132.70297815 1.91744e-16
7134.88564136 2.05076e-16
7137.06830456 1.86596e-16
7139.25096776 1.84876e-16
7141.43363096 2.0246e-16
7143.61629416 1.8939e-16
7145.79895737 1.80895e-16
7147.98162057 1.86612e-16
7150.16428377 1.91686e-16
7152.34694697 1.83222e-16
7154.52961018 1.98226e-16
7156.71227338 1.8676e-16
7158.89493658 1.94825e-16
7161.07759978 1.94284e-16
7163.26026299 1.89006e-16
7165.44292619 1.78235e-16
7167.62558939 1.77534e-16
7169.80825259 1.62742e-16
7171.99091579 1.68629e-16
7174.173579 1.81892e-16
7176.3562422 1.61548e-16
7178.5389054 1.72588e-16
7180.7215686 1.73794e-16
7182.90423181 1.50015e-16
7185.08689501 1.36225e-16
7187.26955821 1.55909e-16
7189.45222141 1.61179e-16
7191.63488461 1.62357e-16
7193.81754782 1.57818e-16
7196.00021102 1.51049e-16
7198.18287422 1.51251e-16
7200.36553742 1.48491e-16
7202.54820063 1.60041e-16
7204.73086383 1.65012e-16
7206.91352703 1.69071e-16
7209.09619023 1.77457e-16
7211.27885344 1.805e-16
7213.46151664 1.74279e-16
7215.64417984 1.66243e-16
7217.82684304 1.69928e-16
7220.00950624 1.98882e-16
7222.19216945 1.73953e-16
7224.37483265 1.84857e-16
7226.55749585 1.91434e-16
7228.74015905 1.77972e-16
7230.92282226 1.72218e-16
7233.10548546 1.78717e-16
7235.28814866 1.65046e-16
7237.47081186 1.70367e-16
7239.65347507 1.6268e-16
7241.83613827 1.8328e-16
7244.01880147 1.62708e-16
7246.20146467 1.65223e-16
7248.38412787 1.63447e-16
7250.56679108 1.55141e-16
7252.74945428 1.52393e-16
7254.93211748 1.66057e-16
7257.11478068 1.72685e-16
7259.29744389 1.74709e-16
7261.48010709 1.73684e-16
7263.66277029 1.76633e-16
7265.84543349 1.89544e-16
7268.0280967 1.78801e-16
7270.2107599 1.717e-16
7272.3934231 1.87231e-16
7274.5760863 1.72943e-16
7276.7587495 1.74858e-16
7278.94141271 1.66204e-16
7281.12407591 1.7936e-16
7283.30673911 1.93041e-16
7285.48940231 1.8764e-16
7287.67206552 1.73043e-16
7289.85472872 1.65157e-16
7292.03739192 1.54004e-16
7294.22005512 1.70223e-16
7296.40271832 1.85696e-16
7298.58538153 1.7925e-16
7300.76804473 1.79523e-16
7302.95070793 1.78358e-16
7305.13337113 1.9855e-16
7307.31603434 2.03815e-16
7309.49869754 1.84565e-16
7311.68136074 1.72388e-16
7313.86402394 1.78059e-16
7316.04668715 1.86382e-16
7318.22935035 1.88891e-16
7320.41201355 2.00669e-16
7322.59467675 2.06348e-16
7324.77733995 2.00498e-16
7326.96000316 1.97555e-16
7329.14266636 1.93675e-16
7331.32532956 1.89285e-16
7333.50799276 2.11552e-16
7335.69065597 2.16478e-16
7337.87331917 2.10038e-16
7340.05598237 2.20413e-16
7342.23864557 2.13859e-16
7344.42130878 2.19108e-16
7346.60397198 2.16398e-16
7348.78663518 2.01725e-16
7350.96929838 1.95721e-16
7353.15196158 2.13395e-16
7355.33462479 2.24973e-16
7357.51728799 2.10055e-16
7359.69995119 1.97422e-16
7361.88261439 1.9784e-16
7364.0652776 1.99976e-16
7366.2479408 1.98006e-16
7368.430604 2.18488e-16
7370.6132672 1.9864e-16
7372.7959304 1.9822e-16
7374.97859361 2.06977e-16
7377.16125681 2.13652e-16
7379.34392001 2.1272e-16
7381.52658321 2.17114e-16
7383.70924642 2.2653e-16
7385.89190962 2.21997e-16
7388.07457282 2.09083e-16
7390.25723602 2.21226e-16
7392.43989923 2.30832e-16
7394.62256243 2.14505e-16
7396.80522563 2.20856e-16
7398.98788883 2.33146e-16
7401.17055203 2.24215e-16
7403.35321524 2.61055e-16
7405.53587844 2.33721e-16
7407.71854164 2.31636e-16
7409.90120484 2.24555e-16
7412.08386805 2.27712e-16
7414.26653125 2.30576e-16
7416.44919445 2.1767e-16
7418.63185765 2.56192e-16
7420.81452086 2.38477e-16
7422.99718406 2.32511e-16
7425.17984726 2.36549e-16
7427.36251046 2.31804e-16
7429.54517366 2.36214e-16
7431.72783687 2.33048e-16
7433.91050007 2.38709e-16
7436.09316327 2.35804e-16
7438.27582647 2.24946e-16
7440.45848968 2.62158e-16
7442.64115288 2.42799e-16
7444.82381608 2.40692e-16
7447.00647928 2.38131e-16
7449.18914248 2.28851e-16
7451.37180569 2.26964e-16
7453.55446889 2.23731e-16
7455.73713209 2.50803e-16
7457.91979529 2.23287e-16
7460.1024585 2.19101e-16
7462.2851217 2.35413e-16
7464.4677849 2.39839e-16
7466.6504481 2.36848e-16
7468.83311131 2.37856e-16
7471.01577451 2.46574e-16
7473.19843771 2.36973e-16
7475.38110091 2.23447e-16
7477.56376411 2.35401e-16
7479.74642732 2.45876e-16
7481.92909052 2.56528e-16
7484.11175372 2.54768e-16
7486.29441692 2.36162e-16
7488.47708013 2.2273e-16
7490.65974333 2.41766e-16
7492.84240653 2.30801e-16
7495.02506973 2.29812e-16
7497.20773294 2.46716e-16
7499.39039614 2.66139e-16
7501.57305934 2.469e-16
7503.75572254 2.36365e-16
7505.93838574 2.35096e-16
7508.12104895 2.36185e-16
7510.30371215 2.30966e-16
7512.48637535 2.19959e-16
7514.66903855 2.07066e-16
7516.85170176 2.28315e-16
7519.03436496 2.32298e-16
7521.21702816 2.45095e-16
7523.39969136 2.62063e-16
7525.58235456 2.30419e-16
7527.76501777 2.31502e-16
7529.94768097 2.47507e-16
7532.13034417 2.37392e-16
7534.31300737 2.36348e-16
7536.49567058 2.51592e-16
7538.67833378 2.42896e-16
7540.86099698 2.42213e-16
7543.04366018 2.49976e-16
7545.22632339 2.45628e-16
7547.40898659 2.45264e-16
7549.59164979 2.48225e-16
7551.77431299 2.28434e-16
7553.95697619 2.18753e-16
7556.1396394 2.61501e-16
7558.3223026 2.57131e-16
7560.5049658 2.40862e-16
7562.687629 2.61295e-16
7564.87029221 2.45565e-16
7567.05295541 2.46312e-16
7569.23561861 2.61511e-16
7571.41828181 2.43826e-16
7573.60094502 2.39855e-16
7575.78360822 2.35357e-16
7577.96627142 2.43504e-16
7580.14893462 2.21265e-16
7582.33159782 2.31887e-16
7584.51426103 2.51837e-16
7586.69692423 2.28681e-16
7588.87958743 2.4417e-16
7591.06225063 2.1184e-16
7593.24491384 1.61829e-16
7595.42757704 1.11297e-16
7597.61024024 8.56691e-17
7599.79290344 7.33489e-17
7601.97556664 5.94914e-17
7604.15822985 4.15235e-17
7606.34089305 4.59178e-17
7608.52355625 4.9096e-17
7610.70621945 7.15743e-17
7612.88888266 1.00288e-16
7615.07154586 1.39387e-16
7617.25420906 1.47037e-16
7619.43687226 1.58544e-16
7621.61953547 1.4156e-16
7623.80219867 1.15455e-16
7625.98486187 1.0561e-16
7628.16752507 1.21752e-16
7630.35018827 1.07603e-16
7632.53285148 1.12137e-16
7634.71551468 1.40358e-16
7636.89817788 1.41731e-16
7639.08084108 1.31714e-16
7641.26350429 1.4104e-16
7643.44616749 1.36913e-16
7645.62883069 1.50355e-16
7647.81149389 1.48018e-16
7649.9941571 1.54591e-16
7652.1768203 1.64988e-16
7654.3594835 1.75499e-16
7656.5421467 1.70276e-16
7658.7248099 1.76516e-16
7660.90747311 1.638e-16
7663.09013631 2.04601e-16
7665.27279951 1.81513e-16
7667.45546271 1.78043e-16
7669.63812592 1.96638e-16
7671.82078912 1.8819e-16
7674.00345232 2.05483e-16
7676.18611552 2.07819e-16
7678.36877872 1.85114e-16
7680.55144193 2.00322e-16
7682.73410513 1.95823e-16
7684.91676833 1.99658e-16
7687.09943153 1.80863e-16
7689.28209474 2.21227e-16
7691.46475794 1.94772e-16
7693.64742114 1.9891e-16
7695.83008434 1.9096e-16
7698.01274755 1.90631e-16
7700.19541075 1.83627e-16
7702.37807395 1.67204e-16
7704.56073715 1.78627e-16
7706.74340035 1.93732e-16
7708.92606356 1.98945e-16
7711.10872676 1.85357e-16
7713.29138996 1.78926e-16
7715.47405316 1.70464e-16
7717.65671637 1.65245e-16
7719.83937957 1.84073e-16
7722.02204277 1.70538e-16
7724.20470597 1.59709e-16
7726.38736918 1.86905e-16
7728.57003238 1.68343e-16
7730.75269558 1.79482e-16
7732.93535878 1.92681e-16
7735.11802198 1.72489e-16
7737.30068519 1.7439e-16
7739.48334839 1.81465e-16
7741.66601159 1.84358e-16
7743.84867479 1.87343e-16
7746.031338 1.81762e-16
7748.2140012 1.75448e-16
7750.3966644 1.77323e-16
7752.5793276 1.82633e-16
7754.7619908 1.82151e-16
7756.94465401 1.67178e-16
7759.12731721 1.6541e-16
7761.30998041 1.77537e-16
7763.49264361 1.7568e-16
7765.67530682 1.71896e-16
7767.85797002 1.55003e-16
7770.04063322 1.36565e-16
7772.22329642 1.6705e-16
7774.40595963 1.74821e-16
7776.58862283 1.57436e-16
7778.77128603 1.57768e-16
7780.95394923 1.65179e-16
7783.13661243 1.45217e-16
7785.31927564 1.42134e-16
7787.50193884 1.50661e-16
7789.68460204 1.59834e-16
7791.86726524 1.57126e-16
7794.04992845 1.59872e-16
7796.23259165 1.32717e-16
7798.41525485 1.47024e-16
7800.59791805 1.49322e-16
7802.78058126 1.55992e-16
7804.96324446 1.40715e-16
7807.14590766 1.33616e-16
7809.32857086 1.35252e-16
7811.51123406 1.3872e-16
7813.69389727 1.49703e-16
7815.87656047 1.42992e-16
7818.05922367 1.36645e-16
7820.24188687 1.36453e-16
7822.42455008 1.46914e-16
7824.60721328 1.46789e-16
7826.78987648 1.27259e-16
7828.97253968 1.38015e-16
7831.15520288 1.39351e-16
7833.33786609 1.27488e-16
7835.52052929 1.21578e-16
7837.70319249 1.19375e-16
7839.88585569 1.36512e-16
7842.0685189 1.35175e-16
7844.2511821 1.23484e-16
7846.4338453 1.05005e-16
7848.6165085 1.12085e-16
7850.79917171 1.15538e-16
7852.98183491 1.03994e-16
7855.16449811 1.07608e-16
7857.34716131 1.11632e-16
7859.52982451 1.13934e-16
7861.71248772 1.14473e-16
7863.89515092 1.12497e-16
7866.07781412 1.12525e-16
7868.26047732 1.06993e-16
7870.44314053 9.75835e-17
7872.62580373 1.05283e-16
7874.80846693 1.06707e-16
7876.99113013 9.59365e-17
7879.17379334 9.66239e-17
7881.35645654 9.50058e-17
7883.53911974 9.383e-17
7885.72178294 9.38036e-17
7887.90444614 9.08516e-17
7890.08710935 9.31004e-17
7892.26977255 9.18143e-17
7894.45243575 9.87028e-17
7896.63509895 9.50795e-17
7898.81776216 8.74178e-17
7901.00042536 8.22914e-17
7903.18308856 8.29527e-17
7905.36575176 7.96017e-17
7907.54841496 7.61449e-17
7909.73107817 7.58073e-17
7911.91374137 7.97777e-17
7914.09640457 7.78625e-17
7916.27906777 7.41605e-17
7918.46173098 7.17875e-17
7920.64439418 6.70682e-17
7922.82705738 7.11714e-17
7925.00972058 6.69789e-17
7927.19238379 6.62026e-17
7929.37504699 7.60591e-17
7931.55771019 7.18245e-17
7933.74037339 6.35028e-17
7935.92303659 6.58363e-17
7938.1056998 6.61405e-17
7940.288363 5.71881e-17
7942.4710262 5.8828e-17
7944.6536894 6.45989e-17
7946.83635261 6.20148e-17
7949.01901581 5.86303e-17
7951.20167901 5.60502e-17
7953.38434221 5.33037e-17
7955.56700542 5.01368e-17
7957.74966862 4.92299e-17
7959.93233182 4.71612e-17
7962.11499502 4.35458e-17
7964.29765822 4.54695e-17
7966.48032143 4.979e-17
7968.66298463 4.62316e-17
7970.84564783 4.7479e-17
7973.02831103 4.90139e-17
7975.21097424 5.12512e-17
7977.39363744 4.59616e-17
7979.57630064 4.43469e-17
7981.75896384 3.64246e-17
7983.94162704 4.05217e-17
7986.12429025 4.05411e-17
7988.30695345 3.92053e-17
7990.48961665 4.22796e-17
7992.67227985 3.99832e-17
7994.85494306 4.25729e-17
7997.03760626 3.63389e-17
7999.22026946 3.37654e-17
8001.40293266 3.43567e-17
8003.58559587 3.31375e-17
