5131.60498047 8.60534e-17
5132.88041568 2.6324e-16
5134.15585089 3.11919e-16
5135.4312861 3.03326e-16
5136.70672131 6.02577e-17
5137.98215652 1.72008e-16
5139.25759172 -6.79571e-18
5140.53302693 5.37275e-17
5141.80846214 1.45755e-16
5143.08389735 1.71261e-16
5144.35933256 2.30707e-16
5145.63476777 8.76095e-17
5146.91020298 8.11559e-17
5148.18563819 -5.18054e-17
5149.4610734 1.66675e-16
5150.73650861 2.76823e-16
5152.01194382 9.16816e-17
5153.28737903 8.63882e-17
5154.56281424 1.55997e-17
5155.83824944 -1.37271e-17
5157.11368465 1.22766e-17
5158.38911986 6.69436e-17
5159.66455507 1.52434e-16
5160.93999028 1.52943e-16
5162.21542549 1.93335e-16
5163.4908607 2.39693e-16
5164.76629591 2.58257e-16
5166.04173112 1.13718e-16
5167.31716633 2.86436e-17
5168.59260154 1.58923e-16
5169.86803675 1.19799e-16
5171.14347196 2.71402e-17
5172.41890717 1.65219e-17
5173.69434237 9.14022e-18
5174.96977758 1.68693e-16
5176.24521279 1.78727e-16
5177.520648 1.05521e-16
5178.79608321 1.18736e-16
5180.07151842 4.12296e-17
5181.34695363 4.26756e-17
5182.62238884 1.32844e-16
5183.89782405 -9.76663e-18
5185.17325926 1.47563e-17
5186.44869447 5.84797e-17
5187.72412968 1.08448e-16
5188.99956489 2.16152e-16
5190.2750001 2.51979e-16
5191.5504353 1.91362e-16
5192.82587051 1.63368e-16
5194.10130572 2.82661e-16
5195.37674093 2.05258e-16
5196.65217614 2.58225e-17
5197.92761135 6.4455e-17
5199.20304656 3.97147e-16
5200.47848177 1.78258e-16
5201.75391698 1.47927e-16
5203.02935219 7.86364e-17
5204.3047874 2.08049e-16
5205.58022261 1.94741e-16
5206.85565782 1.49048e-16
5208.13109303 2.25489e-16
5209.40652823 1.31746e-16
5210.68196344 1.03321e-16
5211.95739865 9.41814e-17
5213.23283386 1.05886e-16
5214.50826907 -1.27226e-17
5215.78370428 5.75258e-17
5217.05913949 1.8772e-16
5218.3345747 1.92006e-16
5219.61000991 2.01282e-16
5220.88544512 1.26799e-16
5222.16088033 1.69745e-16
5223.43631554 1.13048e-16
5224.71175075 -1.63336e-17
5225.98718596 7.04894e-17
5227.26262116 2.26665e-16
5228.53805637 1.32024e-16
5229.81349158 1.06598e-16
5231.08892679 5.15808e-17
5232.364362 3.37524e-17
5233.63979721 1.43279e-16
5234.91523242 1.55169e-16
5236.19066763 2.387e-17
5237.46610284 1.05295e-16
5238.74153805 1.20674e-16
5240.01697326 7.24565e-17
5241.29240847 1.00806e-16
5242.56784368 1.02343e-16
5243.84327888 -1.09034e-17
5245.11871409 1.07193e-16
5246.3941493 2.513e-16
5247.66958451 1.22663e-16
5248.94501972 8.31342e-17
5250.22045493 5.87449e-17
5251.49589014 -1.46012e-17
5252.77132535 1.76176e-16
5254.04676056 1.72578e-16
5255.32219577 1.91312e-16
5256.59763098 1.09517e-16
5257.87306619 2.40716e-16
5259.1485014 7.80764e-17
5260.42393661 3.45981e-17
5261.69937181 3.57614e-17
5262.97480702 1.12343e-16
5264.25024223 -1.34547e-17
5265.52567744 8.39882e-18
5266.80111265 4.19725e-17
5268.07654786 1.74018e-16
5269.35198307 1.2111e-16
5270.62741828 1.23553e-16
5271.90285349 9.61572e-17
5273.1782887 5.74973e-17
5274.45372391 4.52165e-17
5275.72915912 1.74677e-16
5277.00459433 1.53549e-16
5278.28002954 6.55964e-17
5279.55546474 1.15267e-17
5280.83089995 1.72459e-16
5282.10633516 1.44665e-16
5283.38177037 1.97009e-16
5284.65720558 1.43865e-16
5285.93264079 1.34769e-16
5287.208076 1.61482e-16
5288.48351121 1.47173e-16
5289.75894642 2.6442e-16
5291.03438163 8.87755e-17
5292.30981684 2.59712e-17
5293.58525205 1.39993e-16
5294.86068726 1.96348e-16
5296.13612247 2.71542e-16
5297.41155767 2.06164e-16
5298.68699288 1.22153e-16
5299.96242809 3.77065e-18
5301.2378633 8.3442e-17
5302.51329851 1.70621e-16
5303.78873372 2.04064e-16
5305.06416893 1.95905e-16
5306.33960414 1.41482e-16
5307.61503935 2.32388e-16
5308.89047456 1.20289e-16
5310.16590977 1.71087e-16
5311.44134498 1.40847e-16
5312.71678019 1.59199e-16
5313.99221539 2.18097e-16
5315.2676506 1.73012e-16
5316.54308581 3.3545e-16
5317.81852102 3.44337e-16
5319.09395623 2.47201e-16
5320.36939144 1.57046e-16
5321.64482665 1.02094e-16
5322.92026186 3.4568e-17
5324.19569707 1.09178e-16
5325.47113228 1.78577e-16
5326.74656749 1.42324e-16
5328.0220027 2.95046e-17
5329.29743791 7.88062e-17
5330.57287312 2.02187e-16
5331.84830832 1.91092e-16
5333.12374353 1.35247e-16
5334.39917874 1.14757e-16
5335.67461395 1.22618e-16
5336.95004916 3.10205e-17
5338.22548437 1.65735e-16
5339.50091958 1.43658e-16
5340.77635479 -4.90671e-17
5342.05179 8.12599e-17
5343.32722521 1.89107e-16
5344.60266042 1.94017e-16
5345.87809563 1.37472e-16
5347.15353084 1.02002e-16
5348.42896605 1.82635e-16
5349.70440125 2.0733e-16
5350.97983646 8.68282e-17
5352.25527167 6.91286e-17
5353.53070688 1.44904e-16
5354.80614209 1.65241e-16
5356.0815773 9.7835e-17
5357.35701251 6.13622e-17
5358.63244772 9.88321e-17
5359.90788293 1.3668e-16
5361.18331814 1.83217e-16
5362.45875335 1.20357e-16
5363.73418856 9.41414e-17
5365.00962377 1.62264e-16
5366.28505898 1.96287e-16
5367.56049418 1.72887e-16
5368.83592939 5.70605e-17
5370.1113646 1.17147e-16
5371.38679981 1.22163e-16
5372.66223502 9.76325e-17
5373.93767023 9.70725e-17
5375.21310544 1.4824e-16
5376.48854065 1.7673e-16
5377.76397586 5.71766e-17
5379.03941107 9.49083e-17
5380.31484628 3.98928e-17
5381.59028149 4.6138e-17
5382.8657167 8.31854e-17
5384.14115191 7.88902e-17
5385.41658711 6.62014e-17
5386.69202232 1.12868e-16
5387.96745753 7.76745e-17
5389.24289274 -3.04284e-17
5390.51832795 8.53493e-17
5391.79376316 1.6729e-16
5393.06919837 1.34794e-16
5394.34463358 2.32405e-16
5395.62006879 2.00873e-16
5396.895504 2.16085e-16
5398.17093921 1.19392e-16
5399.44637442 1.67508e-16
5400.72180963 4.9633e-17
5401.99724483 1.25645e-16
5403.27268004 6.57751e-17
5404.54811525 3.09497e-17
5405.82355046 8.7633e-17
5407.09898567 1.03591e-16
5408.37442088 1.35554e-16
5409.64985609 2.22785e-16
5410.9252913 8.04054e-17
5412.20072651 -2.46875e-17
5413.47616172 9.73774e-17
5414.75159693 8.87406e-17
5416.02703214 1.56747e-16
5417.30246735 1.26541e-16
5418.57790256 6.21696e-17
5419.85333776 1.39718e-16
5421.12877297 6.86841e-17
5422.40420818 1.91422e-16
5423.67964339 2.60375e-16
5424.9550786 1.32408e-16
5426.23051381 2.27741e-16
5427.50594902 1.09445e-16
5428.78138423 1.04933e-16
5430.05681944 8.80492e-17
5431.33225465 1.15071e-16
5432.60768986 2.12415e-16
5433.88312507 1.59503e-16
5435.15856028 1.46694e-16
5436.43399549 1.49396e-16
5437.70943069 2.4733e-17
5438.9848659 8.36601e-17
5440.26030111 4.3681e-17
5441.53573632 8.72557e-17
5442.81117153 1.08235e-16
5444.08660674 2.10216e-16
5445.36204195 9.93555e-17
5446.63747716 1.4243e-16
5447.91291237 1.88828e-16
5449.18834758 1.45832e-16
5450.46378279 8.48338e-17
5451.739218 1.12059e-16
5453.01465321 1.08122e-16
5454.29008842 1.28533e-16
5455.56552362 3.34891e-17
5456.84095883 1.69558e-16
5458.11639404 1.75366e-16
5459.39182925 1.09643e-16
5460.66726446 2.12286e-16
5461.94269967 7.49155e-17
5463.21813488 -3.8313e-17
5464.49357009 5.23641e-17
5465.7690053 7.94086e-17
5467.04444051 6.07932e-17
5468.31987572 1.70331e-16
5469.59531093 1.80489e-16
5470.87074614 2.12029e-16
5472.14618134 1.63553e-16
5473.42161655 1.40162e-16
5474.69705176 1.68646e-16
5475.97248697 1.09283e-16
5477.24792218 2.19911e-16
5478.52335739 2.08059e-16
5479.7987926 1.28877e-16
5481.07422781 1.26605e-16
5482.34966302 2.34283e-17
5483.62509823 -2.42713e-17
5484.90053344 1.64359e-17
5486.17596865 2.65477e-17
5487.45140386 2.47053e-17
5488.72683907 9.55926e-18
5490.00227427 1.40309e-16
5491.27770948 1.58182e-16
5492.55314469 1.03087e-16
5493.8285799 1.62087e-16
5495.10401511 2.39939e-16
5496.37945032 2.10428e-16
5497.65488553 1.19681e-16
5498.93032074 2.1569e-16
5500.20575595 2.60625e-16
5501.48119116 2.87702e-16
5502.75662637 2.24785e-16
5504.03206158 2.65896e-16
5505.30749679 2.29625e-16
5506.582932 1.36073e-16
5507.8583672 4.26645e-17
5509.13380241 2.24037e-16
5510.40923762 1.97335e-16
5511.68467283 8.05161e-17
5512.96010804 1.79826e-16
5514.23554325 2.06789e-16
5515.51097846 2.44083e-16
5516.78641367 2.19801e-16
5518.06184888 1.45111e-16
5519.33728409 1.71156e-16
5520.6127193 2.18125e-16
5521.88815451 9.11607e-17
5523.16358972 1.16965e-16
5524.43902493 1.4207e-16
5525.71446013 3.13238e-17
5526.98989534 7.77993e-17
5528.26533055 8.96202e-17
5529.54076576 1.27285e-16
5530.81620097 2.03542e-16
5532.09163618 1.49737e-16
5533.36707139 1.49017e-16
5534.6425066 1.50332e-16
5535.91794181 2.20682e-16
5537.19337702 3.21487e-16
5538.46881223 3.25144e-16
5539.74424744 1.7031e-16
5541.01968265 6.18423e-17
5542.29511786 4.28286e-17
5543.57055306 4.72478e-17
5544.84598827 1.66162e-16
5546.12142348 1.63149e-16
5547.39685869 5.52751e-17
5548.6722939 -4.54701e-17
5549.94772911 -6.454e-17
5551.22316432 1.65497e-17
5552.49859953 1.12743e-16
5553.77403474 1.0412e-16
5555.04946995 5.10738e-17
5556.32490516 1.17744e-16
5557.60034037 1.20385e-16
5558.87577558 2.27261e-16
5560.15121078 2.84427e-16
5561.42664599 2.3018e-16
5562.7020812 7.83227e-17
5563.97751641 9.67922e-17
5565.25295162 7.91641e-17
5566.52838683 2.81901e-17
5567.80382204 1.17141e-16
5569.07925725 1.75605e-16
5570.35469246 5.54524e-17
5571.63012767 1.0544e-16
5572.90556288 9.72068e-17
5574.18099809 1.76078e-16
5575.4564333 3.1643e-16
5576.73186851 2.49929e-16
5578.00730371 2.2038e-16
5579.28273892 1.84528e-16
5580.55817413 1.40093e-16
5581.83360934 1.65765e-16
5583.10904455 1.31403e-16
5584.38447976 1.01517e-16
5585.65991497 2.33481e-16
5586.93535018 1.81148e-16
5588.21078539 9.60102e-17
5589.4862206 4.75902e-17
5590.76165581 1.36644e-16
5592.03709102 1.47582e-16
5593.31252623 9.14964e-17
5594.58796144 7.77293e-17
5595.86339664 1.57494e-16
5597.13883185 9.54943e-17
5598.41426706 1.65364e-16
5599.68970227 1.68417e-16
5600.96513748 1.90908e-16
5602.24057269 2.07219e-16
5603.5160079 1.27998e-16
5604.79144311 8.14162e-17
5606.06687832 1.44559e-17
5607.34231353 9.06641e-17
5608.61774874 4.27349e-17
5609.89318395 8.95755e-19
5611.16861916 4.92709e-17
5612.44405437 2.15159e-16
5613.71948957 2.75103e-16
5614.99492478 1.30186e-16
5616.27035999 1.36107e-16
5617.5457952 2.24706e-16
5618.82123041 2.40164e-16
5620.09666562 1.94867e-16
5621.37210083 1.85284e-16
5622.64753604 2.45947e-16
5623.92297125 1.73711e-16
5625.19840646 1.06099e-16
5626.47384167 8.36233e-17
5627.74927688 1.41891e-16
5629.02471209 1.24602e-16
5630.30014729 1.20634e-16
5631.5755825 5.166e-18
5632.85101771 1.22508e-16
5634.12645292 7.84263e-17
5635.40188813 3.19318e-17
5636.67732334 -3.27286e-17
5637.95275855 2.89897e-18
5639.22819376 1.28515e-16
5640.50362897 1.29639e-16
5641.77906418 1.16676e-16
5643.05449939 3.13871e-17
5644.3299346 2.53642e-17
5645.60536981 1.78307e-16
5646.88080502 1.23828e-16
5648.15624022 2.6151e-17
5649.43167543 1.22421e-17
5650.70711064 7.50181e-17
5651.98254585 1.56487e-16
5653.25798106 7.07458e-17
5654.53341627 1.07518e-16
5655.80885148 1.01214e-16
5657.08428669 1.27367e-16
5658.3597219 1.00444e-16
5659.63515711 1.73531e-16
5660.91059232 1.31811e-16
5662.18602753 2.30802e-16
5663.46146274 1.47801e-16
5664.73689795 6.83878e-17
5666.01233315 2.297e-16
5667.28776836 2.23894e-16
5668.56320357 1.5832e-16
5669.83863878 6.96412e-17
5671.11407399 6.73806e-17
5672.3895092 5.80923e-17
5673.66494441 1.33108e-16
5674.94037962 1.87674e-16
5676.21581483 2.38165e-16
5677.49125004 1.44293e-16
5678.76668525 1.32438e-16
5680.04212046 3.38414e-17
5681.31755567 1.01636e-16
5682.59299088 2.41989e-16
5683.86842608 1.59713e-16
5685.14386129 1.89074e-16
5686.4192965 1.08253e-16
5687.69473171 1.02289e-16
5688.97016692 1.55281e-16
5690.24560213 1.56376e-16
5691.52103734 1.3149e-16
5692.79647255 1.30351e-16
5694.07190776 1.20454e-16
5695.34734297 1.41425e-16
5696.62277818 1.1624e-16
5697.89821339 1.27355e-16
5699.1736486 4.73159e-17
5700.44908381 2.72538e-17
5701.72451901 1.07598e-17
5702.99995422 2.41571e-17
5704.27538943 1.08068e-16
5705.55082464 1.85903e-16
5706.82625985 7.26563e-17
5708.10169506 9.26472e-17
5709.37713027 1.03366e-16
5710.65256548 1.17632e-17
5711.92800069 1.30254e-16
5713.2034359 1.01174e-16
5714.47887111 1.63185e-16
5715.75430632 1.09132e-16
5717.02974153 9.20671e-17
5718.30517673 1.00728e-16
5719.58061194 6.99854e-17
5720.85604715 1.71589e-16
5722.13148236 4.97104e-17
5723.40691757 9.26711e-17
5724.68235278 2.4845e-16
5725.95778799 1.92128e-16
5727.2332232 1.47799e-16
5728.50865841 6.31548e-17
5729.78409362 1.38643e-16
5731.05952883 1.02419e-16
5732.33496404 1.49266e-16
5733.61039925 1.58582e-16
5734.88583446 1.39836e-16
5736.16126966 1.37279e-16
5737.43670487 8.29578e-17
5738.71214008 2.96421e-17
5739.98757529 1.11443e-16
5741.2630105 1.15572e-16
5742.53844571 2.89682e-17
5743.81388092 5.74491e-17
5745.08931613 1.49199e-16
5746.36475134 1.40937e-16
5747.64018655 1.68264e-16
5748.91562176 1.86683e-16
5750.19105697 6.78104e-17
5751.46649218 -2.2934e-17
5752.74192739 8.06248e-17
5754.01736259 1.36673e-16
5755.2927978 8.18864e-17
5756.56823301 2.361e-17
5757.84366822 9.26533e-17
5759.11910343 2.61659e-16
5760.39453864 1.38773e-16
5761.66997385 7.39671e-17
5762.94540906 8.39241e-17
5764.22084427 7.3929e-17
5765.49627948 8.85586e-17
5766.77171469 1.8388e-16
5768.0471499 1.15537e-16
5769.32258511 4.9154e-17
5770.59802032 -4.19225e-17
5771.87345552 -1.13434e-17
5773.14889073 9.28442e-17
5774.42432594 6.49706e-17
5775.69976115 3.25955e-17
5776.97519636 1.17603e-16
5778.25063157 1.23397e-16
5779.52606678 8.51579e-17
5780.80150199 1.74635e-16
5782.0769372 1.41759e-16
5783.35237241 1.36375e-17
5784.62780762 7.05952e-17
5785.90324283 1.47468e-16
5787.17867804 1.39731e-16
5788.45411325 1.71365e-16
5789.72954845 3.35311e-17
5791.00498366 8.3922e-17
5792.28041887 8.21808e-17
5793.55585408 1.53385e-16
5794.83128929 1.88279e-16
5796.1067245 1.26586e-16
5797.38215971 1.3018e-16
5798.65759492 2.33049e-16
5799.93303013 2.35431e-16
5801.20846534 1.94369e-16
5802.48390055 1.51616e-16
5803.75933576 1.521e-16
5805.03477097 5.39908e-17
5806.31020617 1.76607e-16
5807.58564138 1.5649e-16
5808.86107659 1.50326e-16
5810.1365118 1.79441e-16
5811.41194701 1.39951e-16
5812.68738222 1.77311e-16
5813.96281743 1.77664e-16
5815.23825264 1.95457e-16
5816.51368785 2.68524e-16
5817.78912306 1.8776e-16
5819.06455827 1.22615e-16
5820.33999348 1.15156e-16
5821.61542869 9.25743e-17
5822.8908639 9.11407e-17
5824.1662991 1.28149e-16
5825.44173431 1.24103e-16
5826.71716952 1.10834e-16
5827.99260473 9.13625e-17
5829.26803994 1.24643e-16
5830.54347515 1.52467e-16
5831.81891036 2.98341e-16
5833.09434557 1.88637e-16
5834.36978078 8.49571e-17
5835.64521599 4.89291e-17
5836.9206512 9.14672e-17
5838.19608641 8.28608e-17
5839.47152162 -2.35306e-17
5840.74695683 8.77786e-18
5842.02239203 1.03996e-16
5843.29782724 2.16226e-16
5844.57326245 2.24664e-16
5845.84869766 1.68629e-16
5847.12413287 1.17747e-16
5848.39956808 1.07254e-16
5849.67500329 1.2934e-16
5850.9504385 2.35255e-16
5852.22587371 1.6539e-16
5853.50130892 1.18326e-16
5854.77674413 9.81917e-17
5856.05217934 1.10738e-16
5857.32761455 5.81947e-17
5858.60304976 1.65447e-16
5859.87848496 1.79861e-16
5861.15392017 1.35217e-16
5862.42935538 1.41532e-16
5863.70479059 1.51274e-16
5864.9802258 1.29372e-16
5866.25566101 1.12902e-16
5867.53109622 1.60379e-16
5868.80653143 1.48237e-16
5870.08196664 8.52521e-17
5871.35740185 1.57486e-16
5872.63283706 1.27127e-16
5873.90827227 1.25611e-16
5875.18370748 1.16434e-16
5876.45914268 -2.33329e-17
5877.73457789 -1.29316e-17
5879.0100131 1.09419e-16
5880.28544831 8.12972e-17
5881.56088352 1.48607e-16
5882.83631873 1.47894e-16
5884.11175394 1.75951e-16
5885.38718915 1.06201e-16
5886.66262436 5.77346e-17
5887.93805957 3.13794e-17
5889.21349478 7.25697e-17
5890.48892999 7.77157e-17
5891.7643652 1.1156e-16
5893.03980041 1.56985e-16
5894.31523561 1.40867e-16
5895.59067082 5.8127e-17
5896.86610603 4.71985e-17
5898.14154124 1.4031e-16
5899.41697645 8.62269e-17
5900.69241166 1.12173e-16
5901.96784687 1.84402e-16
5903.24328208 1.19555e-16
5904.51871729 1.37551e-16
5905.7941525 1.66012e-16
5907.06958771 1.54484e-16
5908.34502292 1.38151e-16
5909.62045813 1.7183e-16
5910.89589334 2.6099e-16
5912.17132854 2.18694e-16
5913.44676375 6.4689e-17
5914.72219896 2.86416e-17
5915.99763417 -2.94382e-17
5917.27306938 4.67439e-17
5918.54850459 1.43825e-16
5919.8239398 1.50455e-16
5921.09937501 1.4835e-16
5922.37481022 3.60825e-17
5923.65024543 4.19761e-17
5924.92568064 7.58878e-17
5926.20111585 5.38842e-17
5927.47655106 1.621e-16
5928.75198627 1.69541e-16
5930.02742147 1.11991e-16
5931.30285668 9.37261e-17
5932.57829189 1.4268e-16
5933.8537271 1.46756e-16
5935.12916231 9.35594e-17
5936.40459752 1.25159e-16
5937.68003273 4.40814e-17
5938.95546794 2.18296e-17
5940.23090315 7.81109e-17
5941.50633836 1.29703e-16
5942.78177357 1.75255e-16
5944.05720878 1.60619e-16
5945.33264399 1.35674e-16
5946.6080792 1.15054e-16
5947.8835144 3.97074e-17
5949.15894961 4.55391e-17
5950.43438482 3.61756e-17
5951.70982003 9.2791e-17
5952.98525524 1.78815e-16
5954.26069045 1.13868e-16
5955.53612566 1.00751e-16
5956.81156087 1.34232e-16
5958.08699608 1.42744e-16
5959.36243129 1.20688e-16
5960.6378665 3.74033e-17
5961.91330171 1.08319e-16
5963.18873692 1.14686e-16
5964.46417212 1.35221e-16
5965.73960733 6.69043e-17
5967.01504254 7.05035e-17
5968.29047775 1.76625e-16
5969.56591296 1.39874e-16
5970.84134817 1.14925e-16
5972.11678338 8.56016e-17
5973.39221859 1.51333e-16
5974.6676538 1.88155e-16
5975.94308901 1.07661e-16
5977.21852422 4.83391e-17
5978.49395943 1.21966e-16
5979.76939464 7.97764e-17
5981.04482985 9.7524e-17
5982.32026505 1.34714e-16
5983.59570026 1.02777e-16
5984.87113547 1.38582e-16
5986.14657068 1.39792e-16
5987.42200589 1.31774e-16
5988.6974411 2.21442e-16
5989.97287631 1.31515e-16
5991.24831152 1.46687e-16
5992.52374673 1.91441e-16
5993.79918194 8.02905e-17
5995.07461715 5.2597e-17
5996.35005236 1.91505e-17
5997.62548757 -3.06346e-18
5998.90092278 1.32534e-16
6000.17635798 7.35711e-17
6001.45179319 1.43743e-16
6002.7272284 1.92443e-16
6004.00266361 7.50186e-17
6005.27809882 1.38852e-16
6006.55353403 1.63085e-16
6007.82896924 1.83616e-16
6009.10440445 1.38461e-16
6010.37983966 5.26532e-17
6011.65527487 1.94794e-16
6012.93071008 1.85154e-16
6014.20614529 1.52237e-16
6015.4815805 1.36801e-16
6016.75701571 3.16569e-17
6018.03245091 1.12643e-16
6019.30788612 1.65874e-16
6020.58332133 1.45858e-16
6021.85875654 6.95197e-18
6023.13419175 1.52673e-16
6024.40962696 2.25231e-16
6025.68506217 2.20999e-16
6026.96049738 2.03148e-16
6028.23593259 1.13442e-16
6029.5113678 1.05714e-16
6030.78680301 2.00181e-16
6032.06223822 7.62061e-17
6033.33767343 2.31086e-17
6034.61310863 6.57831e-17
6035.88854384 9.89842e-17
6037.16397905 1.72214e-16
6038.43941426 1.47638e-16
6039.71484947 1.77693e-16
6040.99028468 1.64917e-16
6042.26571989 7.8628e-17
6043.5411551 1.33017e-16
6044.81659031 1.01674e-16
6046.09202552 4.79181e-17
6047.36746073 1.59231e-16
6048.64289594 2.63607e-16
6049.91833115 1.83646e-16
6051.19376636 1.69108e-16
6052.46920156 1.10198e-16
6053.74463677 8.05864e-17
6055.02007198 1.23955e-16
6056.29550719 1.91683e-16
6057.5709424 1.98131e-16
6058.84637761 1.65969e-16
6060.12181282 9.7168e-17
6061.39724803 9.79933e-17
6062.67268324 1.00675e-16
6063.94811845 9.78964e-17
6065.22355366 1.91988e-16
6066.49898887 1.77281e-16
6067.77442408 1.41967e-16
6069.04985929 1.19945e-16
6070.32529449 9.68033e-17
6071.6007297 1.00684e-16
6072.87616491 1.71055e-16
6074.15160012 1.23882e-16
6075.42703533 1.05007e-16
6076.70247054 1.52554e-16
6077.97790575 1.1566e-16
6079.25334096 1.6078e-16
6080.52877617 1.54012e-16
6081.80421138 8.64657e-17
6083.07964659 1.68361e-16
6084.3550818 1.42932e-16
6085.63051701 7.17584e-17
6086.90595222 1.04046e-16
6088.18138742 1.71684e-16
6089.45682263 1.33084e-16
6090.73225784 1.33685e-16
6092.00769305 1.63663e-16
6093.28312826 9.68073e-18
6094.55856347 1.31449e-17
6095.83399868 1.16636e-17
6097.10943389 2.16178e-17
6098.3848691 3.17468e-17
6099.66030431 3.6157e-17
6100.93573952 1.13969e-16
6102.21117473 1.31012e-16
6103.48660994 9.26331e-17
6104.76204515 2.00651e-18
6106.03748035 9.57935e-17
6107.31291556 8.06017e-17
6108.58835077 1.88593e-17
6109.86378598 7.75506e-17
6111.13922119 1.6811e-16
6112.4146564 1.97417e-16
6113.69009161 2.34918e-16
6114.96552682 8.15493e-17
6116.24096203 1.07515e-16
6117.51639724 6.68133e-17
6118.79183245 1.26349e-16
6120.06726766 1.15471e-16
6121.34270287 1.40071e-16
6122.61813807 1.56333e-16
6123.89357328 1.68101e-16
6125.16900849 1.70507e-16
6126.4444437 1.09734e-16
6127.71987891 4.18745e-17
6128.99531412 1.0879e-16
6130.27074933 1.48205e-16
6131.54618454 7.16106e-17
6132.82161975 1.18013e-16
6134.09705496 1.60187e-16
6135.37249017 1.78854e-16
6136.64792538 9.85072e-17
6137.92336059 1.28397e-16
6139.1987958 2.07043e-16
6140.474231 6.67113e-17
6141.74966621 7.26096e-17
6143.02510142 9.8831e-17
6144.30053663 1.28256e-16
6145.57597184 1.69595e-16
6146.85140705 1.31796e-16
6148.12684226 5.57205e-17
6149.40227747 1.09333e-16
6150.67771268 3.15661e-17
6151.95314789 -7.00983e-17
6153.2285831 3.16613e-17
6154.50401831 7.9965e-17
6155.77945352 8.78379e-17
6157.05488873 1.54139e-16
6158.33032393 1.13714e-16
6159.60575914 1.21613e-16
6160.88119435 1.43239e-16
6162.15662956 1.15046e-16
6163.43206477 1.29603e-16
6164.70749998 3.57395e-17
6165.98293519 2.42297e-17
6167.2583704 1.2252e-16
6168.53380561 8.96476e-17
6169.80924082 3.06989e-17
6171.08467603 1.1274e-16
6172.36011124 1.132e-16
6173.63554645 1.38491e-16
6174.91098166 1.62091e-16
6176.18641686 1.9568e-16
6177.46185207 1.15609e-16
6178.73728728 1.19209e-16
6180.01272249 1.0492e-16
6181.2881577 1.33623e-16
6182.56359291 1.20516e-16
6183.83902812 1.50749e-16
6185.11446333 1.04609e-16
6186.38989854 2.50466e-17
6187.66533375 2.14656e-17
6188.94076896 9.67917e-17
6190.21620417 7.00923e-17
6191.49163938 7.05608e-17
6192.76707458 4.92674e-17
6194.04250979 1.05198e-16
6195.317945 6.03803e-17
6196.59338021 -9.77322e-20
6197.86881542 6.37945e-17
6199.14425063 1.80463e-16
6200.41968584 1.88352e-16
6201.69512105 6.31754e-17
6202.97055626 9.24303e-17
6204.24599147 9.36329e-17
6205.52142668 9.18692e-17
6206.79686189 3.24922e-17
6208.0722971 1.44062e-18
6209.34773231 6.21606e-17
6210.62316751 1.11865e-16
6211.89860272 1.64168e-16
6213.17403793 2.27285e-16
6214.44947314 1.56836e-16
6215.72490835 1.63016e-16
6217.00034356 1.09804e-16
6218.27577877 7.41058e-17
6219.55121398 1.24383e-16
6220.82664919 8.74258e-17
6222.1020844 1.3152e-16
6223.37751961 1.09065e-16
6224.65295482 7.31626e-17
6225.92839003 1.50285e-16
6227.20382524 2.39162e-16
6228.47926044 1.64416e-16
6229.75469565 1.37386e-16
6231.03013086 1.18059e-16
6232.30556607 6.34464e-17
6233.58100128 1.20738e-16
6234.85643649 1.12915e-16
6236.1318717 6.50866e-17
6237.40730691 4.85835e-17
6238.68274212 6.22613e-17
6239.95817733 1.35093e-16
6241.23361254 1.76698e-16
6242.50904775 7.73988e-17
6243.78448296 1.05846e-16
6245.05991817 9.85954e-17
6246.33535337 5.16674e-17
6247.61078858 7.70624e-17
6248.88622379 5.87016e-17
6250.161659 1.76328e-17
6251.43709421 4.31236e-17
6252.71252942 6.19155e-17
6253.98796463 9.8072e-17
6255.26339984 6.01502e-17
6256.53883505 1.06654e-16
6257.81427026 1.70395e-16
6259.08970547 3.07049e-16
6260.36514068 2.18115e-16
6261.64057589 1.75542e-16
6262.9160111 7.28193e-17
6264.1914463 8.20337e-17
6265.46688151 1.14506e-16
6266.74231672 9.01169e-17
6268.01775193 1.05078e-16
6269.29318714 3.09743e-17
6270.56862235 1.64292e-17
6271.84405756 7.53541e-17
6273.11949277 6.65118e-17
6274.39492798 9.5268e-17
6275.67036319 1.10852e-16
6276.9457984 6.29686e-17
6278.22123361 6.00745e-17
6279.49666882 1.26449e-16
6280.77210402 6.5658e-17
6282.04753923 6.92147e-17
6283.32297444 2.36779e-17
6284.59840965 3.9081e-17
6285.87384486 4.18101e-17
6287.14928007 1.06676e-16
6288.42471528 7.99805e-17
6289.70015049 1.40872e-16
6290.9755857 1.36489e-16
6292.25102091 1.35377e-16
6293.52645612 1.50367e-16
6294.80189133 8.46371e-17
6296.07732654 9.6763e-18
6297.35276175 1.61826e-16
6298.62819695 1.84163e-16
6299.90363216 1.07579e-16
6301.17906737 1.08082e-16
6302.45450258 5.7173e-17
6303.72993779 9.21727e-17
6305.005373 8.77183e-17
6306.28080821 9.18082e-17
6307.55624342 1.35387e-17
6308.83167863 4.5641e-17
6310.10711384 1.25171e-16
6311.38254905 1.19795e-16
6312.65798426 4.94164e-17
6313.93341947 1.50305e-16
6315.20885468 7.44083e-17
6316.48428988 5.88263e-17
6317.75972509 1.07443e-16
6319.0351603 7.76448e-17
6320.31059551 1.16546e-16
6321.58603072 6.86543e-17
6322.86146593 1.29431e-16
6324.13690114 2.41783e-16
6325.41233635 1.72267e-16
6326.68777156 6.38279e-17
6327.96320677 6.6736e-17
6329.23864198 1.52906e-16
6330.51407719 9.82444e-17
6331.7895124 1.36743e-16
6333.06494761 1.46696e-16
6334.34038281 8.3778e-17
6335.61581802 7.19825e-17
6336.89125323 8.43311e-17
6338.16668844 6.23617e-17
6339.44212365 7.93537e-17
6340.71755886 6.67503e-17
6341.99299407 1.23264e-16
6343.26842928 7.00612e-17
6344.54386449 7.78336e-18
6345.8192997 7.64724e-17
6347.09473491 6.7962e-17
6348.37017012 1.10894e-16
6349.64560533 1.84432e-16
6350.92104053 9.96469e-17
6352.19647574 1.26571e-16
6353.47191095 1.25822e-16
6354.74734616 5.35102e-17
6356.02278137 -1.24804e-17
6357.29821658 7.28938e-17
6358.57365179 9.5407e-17
6359.849087 9.88562e-17
6361.12452221 8.49071e-17
6362.39995742 4.29619e-17
6363.67539263 1.38093e-16
6364.95082784 1.45767e-16
6366.22626305 8.28755e-17
6367.50169826 3.98834e-17
6368.77713346 1.05899e-17
6370.05256867 1.0214e-16
6371.32800388 7.58258e-17
6372.60343909 1.07872e-16
6373.8788743 8.79327e-17
6375.15430951 5.28184e-17
6376.42974472 1.33003e-16
6377.70517993 1.47728e-16
6378.98061514 1.76755e-16
6380.25605035 1.65619e-16
6381.53148556 1.32639e-16
6382.80692077 1.20738e-16
6384.08235598 1.40976e-16
6385.35779119 1.08821e-16
6386.63322639 1.29295e-16
6387.9086616 1.26781e-16
6389.18409681 8.8295e-17
6390.45953202 5.99204e-17
6391.73496723 9.43024e-17
6393.01040244 1.35541e-16
6394.28583765 1.16919e-16
6395.56127286 4.17375e-17
6396.83670807 8.51394e-17
6398.11214328 -2.12277e-18
6399.38757849 1.77335e-17
6400.6630137 9.84667e-17
6401.93844891 1.40961e-16
6403.21388412 1.68282e-16
6404.48931932 1.72809e-16
6405.76475453 1.01282e-16
6407.04018974 1.59757e-17
6408.31562495 1.44257e-17
6409.59106016 1.45416e-16
6410.86649537 2.14574e-16
6412.14193058 1.69244e-16
6413.41736579 9.05591e-17
6414.692801 8.53311e-17
6415.96823621 3.0267e-17
6417.24367142 9.50971e-17
6418.51910663 1.21445e-16
6419.79454184 3.75474e-17
6421.06997705 4.5586e-17
6422.34541225 7.24633e-17
6423.62084746 1.44547e-16
6424.89628267 1.22375e-16
6426.17171788 7.93157e-17
6427.44715309 7.25184e-17
6428.7225883 1.7823e-16
6429.99802351 1.56868e-16
6431.27345872 1.09498e-16
6432.54889393 1.27374e-16
6433.82432914 1.32937e-16
6435.09976435 5.00832e-17
6436.37519956 9.73241e-17
6437.65063477 1.33236e-16
6438.92606997 1.79997e-16
6440.20150518 1.85238e-16
6441.47694039 2.57753e-17
6442.7523756 2.47623e-17
6444.02781081 1.02737e-16
6445.30324602 1.02725e-16
6446.57868123 1.44699e-16
6447.85411644 1.40634e-16
6449.12955165 5.62684e-17
6450.40498686 6.43897e-17
6451.68042207 8.21997e-17
6452.95585728 7.12275e-17
6454.23129249 1.12437e-16
6455.5067277 5.88671e-17
6456.7821629 1.1134e-16
6458.05759811 1.74426e-16
6459.33303332 1.78756e-16
6460.60846853 1.15775e-16
6461.88390374 9.70468e-17
6463.15933895 1.02094e-16
6464.43477416 1.53204e-16
6465.71020937 7.21992e-17
6466.98564458 5.51283e-17
6468.26107979 1.25535e-16
6469.536515 1.49197e-16
6470.81195021 9.76797e-17
6472.08738542 5.70452e-17
6473.36282063 1.00237e-16
6474.63825583 1.17752e-16
6475.91369104 1.21662e-16
6477.18912625 1.01858e-16
6478.46456146 1.69794e-16
6479.73999667 1.67186e-16
6481.01543188 7.55906e-17
6482.29086709 8.44975e-17
6483.5663023 1.11686e-16
6484.84173751 5.86103e-18
6486.11717272 1.50442e-17
6487.39260793 -6.15013e-18
6488.66804314 1.94963e-17
6489.94347835 1.13058e-16
6491.21891356 9.80913e-17
6492.49434876 5.09685e-17
6493.76978397 8.50089e-17
6495.04521918 6.02198e-17
6496.32065439 5.55319e-17
6497.5960896 1.01221e-16
6498.87152481 1.58516e-16
6500.14696002 1.28614e-16
6501.42239523 1.12566e-16
6502.69783044 8.46364e-17
6503.97326565 7.14465e-17
6505.24870086 8.55424e-17
6506.52413607 1.66858e-16
6507.79957128 1.84e-16
6509.07500648 6.03002e-17
6510.35044169 5.91056e-17
6511.6258769 1.06175e-16
6512.90131211 9.12015e-17
6514.17674732 6.08053e-17
6515.45218253 5.38501e-17
6516.72761774 1.04478e-16
6518.00305295 1.40845e-16
6519.27848816 1.71844e-16
6520.55392337 1.59877e-16
6521.82935858 6.31833e-17
6523.10479379 6.43021e-17
6524.380229 9.9639e-17
6525.65566421 5.33884e-17
6526.93109941 1.30838e-17
6528.20653462 9.06419e-17
6529.48196983 1.66289e-16
6530.75740504 1.1051e-16
6532.03284025 8.03242e-17
6533.30827546 7.53501e-17
6534.58371067 1.09632e-16
6535.85914588 7.31581e-17
6537.13458109 1.3304e-16
6538.4100163 1.85682e-16
6539.68545151 1.05919e-16
6540.96088672 1.60166e-16
6542.23632193 1.89242e-16
6543.51175714 1.37045e-16
6544.78719234 1.21193e-16
6546.06262755 1.45468e-16
6547.33806276 6.62241e-17
6548.61349797 7.17516e-17
6549.88893318 1.63044e-16
6551.16436839 1.65073e-16
6552.4398036 1.0495e-16
6553.71523881 6.80799e-17
6554.99067402 9.09972e-17
6556.26610923 9.91334e-17
6557.54154444 5.80064e-17
6558.81697965 1.07837e-16
6560.09241486 1.17123e-16
6561.36785007 1.05346e-16
6562.64328527 1.16505e-16
6563.91872048 6.83648e-17
6565.19415569 4.65937e-17
6566.4695909 9.80991e-17
6567.74502611 5.33632e-17
6569.02046132 1.06005e-16
6570.29589653 1.68389e-16
6571.57133174 1.22361e-16
6572.84676695 9.09402e-17
6574.12220216 4.89476e-17
6575.39763737 1.01995e-16
6576.67307258 1.65754e-16
6577.94850779 2.11743e-16
6579.223943 1.59161e-16
6580.4993782 1.26873e-16
6581.77481341 7.96281e-17
6583.05024862 7.34209e-17
6584.32568383 -1.60404e-19
6585.60111904 2.42221e-17
6586.87655425 6.8979e-17
6588.15198946 8.85502e-17
6589.42742467 1.05051e-16
6590.70285988 1.40287e-16
6591.97829509 6.13923e-17
6593.2537303 9.23682e-17
6594.52916551 1.7179e-16
6595.80460072 1.20175e-16
6597.08003592 1.17519e-16
6598.35547113 1.14975e-16
6599.63090634 9.95886e-17
6600.90634155 1.08872e-16
6602.18177676 8.3641e-17
6603.45721197 1.5977e-16
6604.73264718 1.6035e-16
6606.00808239 8.79026e-17
6607.2835176 1.12256e-16
6608.55895281 1.53374e-16
6609.83438802 9.95559e-17
6611.10982323 9.78935e-17
6612.38525844 4.65355e-17
6613.66069365 4.25257e-17
6614.93612885 5.07684e-17
6616.21156406 8.42129e-17
6617.48699927 1.18341e-16
6618.76243448 1.51086e-16
6620.03786969 1.79557e-16
6621.3133049 1.53885e-16
6622.58874011 1.09229e-16
6623.86417532 9.17436e-17
6625.13961053 8.25762e-17
6626.41504574 1.32719e-16
6627.69048095 7.29242e-17
6628.96591616 1.1043e-16
6630.24135137 9.28831e-17
6631.51678658 1.1193e-16
6632.79222178 1.05801e-16
6634.06765699 1.1161e-16
6635.3430922 1.53762e-16
6636.61852741 1.10811e-16
6637.89396262 1.06638e-16
6639.16939783 1.09166e-16
6640.44483304 9.79493e-17
6641.72026825 9.72851e-17
6642.99570346 1.36751e-16
6644.27113867 8.36016e-17
6645.54657388 6.35714e-17
6646.82200909 9.46049e-17
6648.0974443 1.46428e-16
6649.37287951 1.17328e-16
6650.64831471 8.96706e-17
6651.92374992 5.55075e-17
6653.19918513 4.00741e-17
6654.47462034 4.03262e-17
6655.75005555 3.00137e-17
6657.02549076 1.23558e-16
6658.30092597 8.27518e-17
6659.57636118 9.36174e-17
6660.85179639 1.02578e-16
6662.1272316 1.30957e-16
6663.40266681 1.11008e-16
6664.67810202 9.43941e-17
6665.95353723 1.01147e-16
6667.22897243 1.535e-16
6668.50440764 1.62317e-16
6669.77984285 8.92563e-17
6671.05527806 6.70239e-17
6672.33071327 1.55603e-16
6673.60614848 1.83595e-16
6674.88158369 1.30559e-16
6676.1570189 1.67453e-16
6677.43245411 1.35041e-16
6678.70788932 1.33194e-16
6679.98332453 1.60759e-16
6681.25875974 1.96268e-16
6682.53419495 2.47401e-16
6683.80963016 2.05932e-16
6685.08506536 1.40876e-16
6686.36050057 1.2015e-16
6687.63593578 1.63625e-16
6688.91137099 2.24566e-16
6690.1868062 1.45692e-16
6691.46224141 9.67223e-17
6692.73767662 1.292e-16
6694.01311183 1.38739e-16
6695.28854704 9.21063e-17
6696.56398225 9.56496e-17
6697.83941746 3.86861e-17
6699.11485267 4.58136e-17
6700.39028788 1.21004e-16
6701.66572309 1.20706e-16
6702.94115829 1.0327e-16
6704.2165935 9.95589e-17
6705.49202871 1.15155e-16
6706.76746392 9.29075e-17
6708.04289913 1.95265e-16
6709.31833434 2.32068e-16
6710.59376955 2.91377e-16
6711.86920476 3.55057e-16
6713.14463997 3.39516e-16
6714.42007518 2.84039e-16
6715.69551039 2.32878e-16
6716.9709456 1.95887e-16
6718.24638081 1.62114e-16
6719.52181602 1.33777e-16
6720.79725122 1.06381e-16
6722.07268643 1.14074e-16
6723.34812164 1.69235e-16
6724.62355685 1.77582e-16
6725.89899206 1.93133e-16
6727.17442727 1.10717e-16
6728.44986248 9.46423e-17
6729.72529769 1.46777e-16
6731.0007329 1.23649e-16
6732.27616811 1.34898e-16
6733.55160332 1.82206e-16
6734.82703853 8.41551e-17
6736.10247374 7.16808e-17
6737.37790895 1.2507e-16
6738.65334415 9.97924e-17
6739.92877936 1.28242e-16
6741.20421457 1.53114e-16
6742.47964978 1.21787e-16
6743.75508499 7.87374e-17
6745.0305202 4.65413e-17
6746.30595541 1.07169e-16
6747.58139062 1.75239e-16
6748.85682583 1.4749e-16
6750.13226104 9.65785e-17
6751.40769625 8.06112e-17
6752.68313146 1.1785e-16
6753.95856667 1.75728e-16
6755.23400187 1.5508e-16
6756.50943708 1.00196e-16
6757.78487229 6.82588e-17
6759.0603075 1.14186e-16
6760.33574271 1.72699e-16
6761.61117792 1.30441e-16
6762.88661313 5.35323e-17
6764.16204834 8.35726e-17
6765.43748355 1.57915e-16
6766.71291876 2.33775e-16
6767.98835397 1.66727e-16
6769.26378918 9.54831e-17
6770.53922439 1.40855e-16
6771.8146596 1.62406e-16
6773.0900948 8.24754e-17
6774.36553001 4.64002e-17
6775.64096522 1.19173e-16
6776.91640043 9.16939e-17
6778.19183564 7.8108e-17
6779.46727085 9.49603e-17
6780.74270606 5.95292e-17
6782.01814127 7.18503e-17
6783.29357648 1.34493e-16
6784.56901169 1.42007e-16
6785.8444469 1.13541e-16
6787.11988211 2.05767e-16
6788.39531732 1.29354e-16
6789.67075253 6.22345e-17
6790.94618773 7.05416e-17
6792.22162294 8.52329e-17
6793.49705815 6.35286e-17
6794.77249336 2.30682e-17
6796.04792857 4.77951e-17
6797.32336378 1.46694e-17
6798.59879899 5.18136e-17
6799.8742342 5.09461e-17
6801.14966941 1.24784e-17
6802.42510462 5.57384e-17
6803.70053983 1.47412e-16
6804.97597504 1.83242e-16
6806.25141025 1.49847e-16
6807.52684546 9.5697e-17
6808.80228066 5.39328e-17
6810.07771587 7.03971e-17
6811.35315108 8.98635e-17
6812.62858629 6.1058e-17
6813.9040215 8.06043e-17
6815.17945671 1.21042e-16
6816.45489192 9.06367e-17
6817.73032713 8.34968e-17
6819.00576234 1.40172e-16
6820.28119755 1.79199e-16
6821.55663276 1.67289e-16
6822.83206797 1.20782e-16
6824.10750318 1.63546e-16
6825.38293839 1.93896e-16
6826.65837359 1.5009e-16
6827.9338088 1.22599e-16
6829.20924401 1.44634e-16
6830.48467922 1.88438e-16
6831.76011443 1.2782e-16
6833.03554964 7.21238e-17
6834.31098485 7.56122e-17
6835.58642006 9.5754e-17
6836.86185527 9.55923e-17
6838.13729048 1.40094e-16
6839.41272569 1.82743e-16
6840.6881609 1.28954e-16
6841.96359611 1.87583e-16
6843.23903131 1.32632e-16
6844.51446652 -2.3956e-17
6845.78990173 3.88823e-17
6847.06533694 1.13472e-16
6848.34077215 1.3142e-16
6849.61620736 1.09978e-16
6850.89164257 6.08194e-17
6852.16707778 8.64552e-17
6853.44251299 8.39762e-17
6854.7179482 1.51664e-16
6855.99338341 1.75823e-16
6857.26881862 2.18521e-16
6858.54425383 1.57209e-16
6859.81968904 1.53756e-16
6861.09512424 8.81449e-17
6862.37055945 1.08608e-16
6863.64599466 1.0141e-16
6864.92142987 1.10399e-16
6866.19686508 1.61619e-16
6867.47230029 1.16745e-16
6868.7477355 4.66312e-17
6870.02317071 8.81102e-17
6871.29860592 1.39586e-16
6872.57404113 8.928e-17
6873.84947634 8.83496e-17
6875.12491155 1.79008e-16
6876.40034676 1.65764e-16
6877.67578197 1.16216e-16
6878.95121717 6.19367e-17
6880.22665238 1.31935e-16
6881.50208759 1.65054e-16
6882.7775228 1.77367e-16
6884.05295801 1.05586e-16
6885.32839322 1.09554e-16
6886.60382843 1.49318e-16
6887.87926364 1.4711e-16
6889.15469885 1.34659e-16
6890.43013406 1.15234e-16
6891.70556927 7.71996e-17
6892.98100448 6.45358e-17
6894.25643969 9.44995e-17
6895.5318749 1.12461e-16
6896.8073101 1.23801e-16
6898.08274531 7.719e-17
6899.35818052 2.1098e-17
6900.63361573 9.41069e-17
6901.90905094 1.38819e-16
6903.18448615 1.40488e-16
6904.45992136 1.41144e-16
6905.73535657 1.6786e-16
6907.01079178 6.97521e-17
6908.28622699 4.01176e-17
6909.5616622 7.1555e-17
6910.83709741 1.05979e-16
6912.11253262 1.30562e-16
6913.38796782 1.00643e-16
6914.66340303 7.73859e-17
6915.93883824 1.15439e-16
6917.21427345 6.07403e-17
6918.48970866 5.88718e-17
6919.76514387 1.03631e-16
6921.04057908 9.48705e-17
6922.31601429 1.28353e-16
6923.5914495 1.04785e-16
6924.86688471 6.7174e-17
6926.14231992 6.72819e-17
6927.41775513 7.9619e-17
6928.69319034 6.6514e-17
6929.96862555 4.75275e-17
6931.24406075 2.89239e-17
6932.51949596 2.11647e-17
6933.79493117 6.23929e-17
6935.07036638 1.10927e-16
6936.34580159 1.52729e-16
6937.6212368 1.13669e-16
6938.89667201 6.14543e-17
6940.17210722 6.26634e-17
6941.44754243 2.72409e-17
6942.72297764 7.46045e-17
6943.99841285 7.61314e-17
6945.27384806 5.06587e-17
6946.54928327 1.32554e-16
6947.82471848 1.47803e-16
6949.10015368 1.30072e-16
6950.37558889 1.28459e-16
6951.6510241 1.7241e-16
6952.92645931 1.88881e-16
6954.20189452 1.5567e-16
6955.47732973 1.57489e-16
6956.75276494 1.18202e-16
6958.02820015 9.06806e-17
6959.30363536 4.74519e-17
6960.57907057 1.10721e-16
6961.85450578 9.5981e-17
6963.12994099 7.18911e-17
6964.4053762 9.84136e-17
6965.68081141 1.42657e-16
6966.95624661 1.13522e-16
6968.23168182 8.07108e-17
6969.50711703 8.30212e-17
6970.78255224 8.39992e-17
6972.05798745 1.23946e-16
6973.33342266 1.3516e-16
6974.60885787 1.32163e-16
6975.88429308 1.1447e-16
6977.15972829 1.00804e-16
6978.4351635 4.92449e-17
6979.71059871 6.86972e-17
6980.98603392 1.56197e-16
6982.26146913 1.44848e-16
6983.53690434 8.22152e-17
6984.81233954 1.09542e-16
6986.08777475 1.09295e-16
6987.36320996 7.70921e-17
6988.63864517 6.43543e-17
6989.91408038 4.29666e-17
6991.18951559 6.35963e-17
6992.4649508 9.2245e-17
6993.74038601 8.8898e-17
6995.01582122 1.07474e-16
6996.29125643 1.07033e-16
6997.56669164 8.86539e-17
6998.84212685 9.49673e-17
7000.11756206 1.10414e-16
7001.39299726 1.35714e-16
7002.66843247 7.54967e-17
7003.94386768 7.30265e-17
7005.21930289 1.00598e-16
7006.4947381 6.96928e-17
7007.77017331 1.50246e-16
7009.04560852 1.15185e-16
7010.32104373 1.01883e-16
7011.59647894 2.11262e-17
7012.87191415 2.05592e-17
7014.14734936 1.07864e-16
7015.42278457 1.34698e-16
7016.69821978 1.15676e-16
7017.97365499 7.35366e-17
7019.24909019 5.5937e-17
7020.5245254 7.19876e-17
7021.79996061 1.27267e-16
7023.07539582 7.52588e-17
7024.35083103 6.4216e-17
7025.62626624 1.4238e-16
7026.90170145 1.1418e-16
7028.17713666 9.01017e-17
7029.45257187 1.15243e-16
7030.72800708 1.57634e-16
7032.00344229 1.10211e-16
7033.2788775 7.37623e-17
7034.55431271 5.0656e-17
7035.82974792 7.48517e-17
7037.10518312 8.74204e-17
7038.38061833 7.52334e-17
7039.65605354 1.28962e-16
7040.93148875 1.27768e-16
7042.20692396 1.5435e-16
7043.48235917 1.41035e-16
7044.75779438 8.74899e-17
7046.03322959 1.06955e-16
7047.3086648 8.06567e-17
7048.58410001 9.34645e-17
7049.85953522 8.88178e-17
7051.13497043 1.01153e-16
7052.41040564 1.46623e-16
7053.68584085 1.48448e-16
7054.96127605 1.1397e-16
7056.23671126 1.14391e-16
7057.51214647 1.51575e-16
7058.78758168 1.25443e-16
7060.06301689 1.0505e-16
7061.3384521 7.05405e-17
7062.61388731 8.57e-17
7063.88932252 1.26208e-16
7065.16475773 9.88076e-17
7066.44019294 5.32114e-17
7067.71562815 3.19849e-17
7068.99106336 8.65365e-17
7070.26649857 8.20615e-17
7071.54193377 9.22914e-17
7072.81736898 1.3558e-16
7074.09280419 1.44032e-16
7075.3682394 1.36803e-16
7076.64367461 8.96034e-17
7077.91910982 5.1163e-17
7079.19454503 8.91452e-17
7080.46998024 9.63256e-17
7081.74541545 1.45208e-16
7083.02085066 7.03521e-17
7084.29628587 7.77338e-17
7085.57172108 1.51181e-16
7086.84715629 1.37662e-16
7088.1225915 6.70488e-17
7089.3980267 4.01334e-17
7090.67346191 7.20417e-17
7091.94889712 1.17133e-16
7093.22433233 8.31127e-17
7094.49976754 1.37025e-16
7095.77520275 8.5152e-17
7097.05063796 1.39637e-16
7098.32607317 1.48323e-16
7099.60150838 1.83397e-16
7100.87694359 1.00679e-16
7102.1523788 8.06197e-17
7103.42781401 1.13542e-16
7104.70324922 1.28993e-16
7105.97868443 7.29682e-17
7107.25411963 1.17802e-16
7108.52955484 1.1075e-16
7109.80499005 1.62153e-16
7111.08042526 2.07924e-16
7112.35586047 1.75828e-17
7113.63129568 5.30425e-17
7114.90673089 5.47038e-17
7116.1821661 1.55873e-16
7117.45760131 1.12875e-16
7118.73303652 1.28766e-16
7120.00847173 9.21095e-17
7121.28390694 6.36689e-17
7122.55934215 8.80407e-17
7123.83477736 1.3582e-16
7125.11021256 1.1452e-16
7126.38564777 5.02051e-17
7127.66108298 1.08433e-16
7128.93651819 1.48226e-16
7130.2119534 1.26635e-16
7131.48738861 1.80374e-16
7132.76282382 1.28397e-16
7134.03825903 7.01085e-17
7135.31369424 7.97939e-17
7136.58912945 7.71228e-17
7137.86456466 1.37812e-16
7139.13999987 1.62452e-16
7140.41543508 1.15165e-16
7141.69087029 5.37505e-17
7142.96630549 7.61421e-17
7144.2417407 1.51646e-16
7145.51717591 5.2239e-17
7146.79261112 8.25021e-17
7148.06804633 1.13408e-16
7149.34348154 2.40545e-17
7150.61891675 4.6349e-17
7151.89435196 7.42361e-17
7153.16978717 6.67598e-17
7154.44522238 1.03203e-16
7155.72065759 7.87907e-17
7156.9960928 1.00394e-16
7158.27152801 8.29436e-17
7159.54696321 2.66112e-17
7160.82239842 1.2381e-17
7162.09783363 9.75261e-17
7163.37326884 1.332e-16
7164.64870405 1.25294e-16
7165.92413926 1.45099e-16
7167.19957447 9.67953e-17
7168.47500968 4.83322e-17
7169.75044489 1.01232e-16
7171.0258801 1.41676e-16
7172.30131531 9.57684e-17
7173.57675052 1.08243e-16
7174.85218573 1.06328e-16
7176.12762094 4.55221e-17
7177.40305614 4.28666e-17
7178.67849135 6.49544e-17
7179.95392656 1.56797e-16
7181.22936177 1.28708e-16
7182.50479698 4.34774e-17
7183.78023219 2.52615e-17
7185.0556674 6.18506e-17
7186.33110261 1.33797e-16
7187.60653782 9.22445e-17
7188.88197303 6.48796e-17
7190.15740824 3.5939e-17
7191.43284345 5.81505e-18
7192.70827866 8.49304e-17
7193.98371387 1.09072e-16
7195.25914907 1.01674e-16
7196.53458428 4.30958e-17
7197.81001949 1.93987e-17
7199.0854547 4.69982e-17
7200.36088991 5.54634e-17
7201.63632512 4.15759e-17
7202.91176033 4.59111e-17
7204.18719554 1.15213e-16
7205.46263075 1.22611e-16
7206.73806596 1.41917e-16
7208.01350117 1.4698e-16
7209.28893638 1.01877e-16
7210.56437159 1.05933e-16
7211.8398068 1.06698e-16
7213.115242 1.22063e-16
7214.39067721 1.36271e-16
7215.66611242 1.00851e-16
7216.94154763 1.21365e-16
7218.21698284 1.35244e-16
7219.49241805 1.04366e-16
7220.76785326 4.6699e-17
7222.04328847 4.99389e-17
7223.31872368 4.2087e-17
7224.59415889 4.24064e-17
7225.8695941 8.58461e-17
7227.14502931 1.17446e-16
7228.42046452 1.12934e-16
7229.69589972 1.01714e-16
7230.97133493 9.41554e-17
7232.24677014 9.13541e-17
7233.52220535 1.42242e-16
7234.79764056 1.37709e-16
7236.07307577 1.31927e-16
7237.34851098 1.38559e-16
7238.62394619 1.29486e-16
7239.8993814 1.12689e-16
7241.17481661 1.43182e-16
7242.45025182 9.70019e-17
7243.72568703 1.11075e-16
7245.00112224 1.02637e-16
7246.27655745 1.24568e-16
7247.55199265 1.149e-16
7248.82742786 6.05452e-17
7250.10286307 8.54901e-17
7251.37829828 6.94596e-17
7252.65373349 5.74091e-17
7253.9291687 1.03241e-16
7255.20460391 1.13816e-16
7256.48003912 9.38031e-17
7257.75547433 1.34723e-16
7259.03090954 1.51946e-16
7260.30634475 8.85094e-17
7261.58177996 7.486e-17
7262.85721517 1.08422e-16
7264.13265038 1.46377e-16
7265.40808558 1.36225e-16
7266.68352079 1.43664e-16
7267.958956 1.33403e-16
7269.23439121 8.42282e-17
7270.50982642 1.09686e-16
7271.78526163 6.82497e-17
7273.06069684 4.39304e-17
7274.33613205 1.19618e-16
7275.61156726 1.35638e-16
7276.88700247 1.04522e-16
7278.16243768 1.00205e-16
7279.43787289 8.97414e-17
7280.7133081 3.9079e-17
7281.98874331 7.38244e-17
7283.26417851 1.50036e-16
7284.53961372 1.41126e-16
7285.81504893 1.4467e-16
7287.09048414 1.05447e-16
7288.36591935 4.52811e-17
7289.64135456 3.77491e-17
7290.91678977 8.5309e-17
7292.19222498 1.9081e-16
7293.46766019 1.62972e-16
7294.7430954 1.15085e-16
7296.01853061 1.09361e-16
7297.29396582 9.37913e-17
7298.56940103 9.95911e-17
7299.84483624 8.15144e-17
7301.12027144 8.93923e-17
7302.39570665 1.11972e-16
7303.67114186 1.51345e-16
7304.94657707 1.72086e-16
7306.22201228 1.42637e-16
7307.49744749 8.77282e-17
7308.7728827 7.81004e-17
7310.04831791 8.04079e-17
7311.32375312 1.1778e-16
7312.59918833 9.33951e-17
7313.87462354 8.4788e-17
7315.15005875 1.13253e-16
7316.42549396 1.15473e-16
7317.70092916 9.47649e-17
7318.97636437 8.91383e-17
7320.25179958 1.23569e-16
7321.52723479 1.55041e-16
7322.80267 1.05625e-16
7324.07810521 1.10108e-16
7325.35354042 1.56524e-16
7326.62897563 1.47702e-16
7327.90441084 9.02374e-17
7329.17984605 1.00904e-16
7330.45528126 1.64163e-16
7331.73071647 1.62642e-16
7333.00615168 1.33862e-17
7334.28158689 3.78802e-18
7335.55702209 1.14713e-16
7336.8324573 1.18318e-16
7338.10789251 9.45691e-17
7339.38332772 6.95804e-17
7340.65876293 8.16379e-17
7341.93419814 1.36379e-16
7343.20963335 1.2647e-16
7344.48506856 1.11236e-16
7345.76050377 1.35739e-16
7347.03593898 5.79655e-17
7348.31137419 6.9566e-17
7349.5868094 1.24062e-16
7350.86224461 1.43839e-16
7352.13767982 1.56223e-16
7353.41311502 6.11186e-17
7354.68855023 3.75909e-17
7355.96398544 5.88516e-17
7357.23942065 1.70015e-16
7358.51485586 1.41271e-16
7359.79029107 7.70559e-17
7361.06572628 6.87577e-17
7362.34116149 5.9117e-17
7363.6165967 4.05495e-17
7364.89203191 2.5413e-17
7366.16746712 6.74889e-17
7367.44290233 3.94345e-17
7368.71833754 5.57899e-17
7369.99377275 1.43333e-16
7371.26920795 1.40442e-16
7372.54464316 5.37642e-17
7373.82007837 4.88407e-17
7375.09551358 7.87723e-17
7376.37094879 1.07388e-16
7377.646384 1.02825e-16
7378.92181921 3.48215e-17
7380.19725442 8.29005e-17
7381.47268963 1.04489e-16
7382.74812484 1.13806e-16
7384.02356005 8.47057e-17
7385.29899526 7.17245e-17
7386.57443047 9.05755e-17
7387.84986567 9.15703e-17
7389.12530088 1.22177e-16
7390.40073609 1.25423e-16
7391.6761713 9.76769e-17
7392.95160651 7.84741e-17
7394.22704172 1.25515e-16
7395.50247693 1.30015e-16
7396.77791214 1.04938e-16
7398.05334735 6.98114e-17
7399.32878256 1.06053e-16
7400.60421777 1.06953e-16
7401.87965298 7.5049e-17
7403.15508819 5.65997e-17
7404.4305234 6.59926e-17
7405.7059586 1.17333e-16
7406.98139381 9.81393e-17
7408.25682902 6.37131e-17
7409.53226423 6.86157e-17
7410.80769944 9.00901e-17
7412.08313465 1.10673e-16
7413.35856986 8.77371e-17
7414.63400507 7.09774e-17
7415.90944028 7.52648e-17
7417.18487549 6.90506e-17
7418.4603107 7.30111e-17
7419.73574591 9.47996e-17
7421.01118112 9.15897e-17
7422.28661633 7.52844e-17
7423.56205153 8.25408e-17
7424.83748674 4.77888e-17
7426.11292195 -4.58661e-18
7427.38835716 2.68889e-17
7428.66379237 8.69448e-17
7429.93922758 6.35174e-17
7431.21466279 7.85062e-17
7432.490098 1.34451e-16
7433.76553321 9.12819e-17
7435.04096842 7.89625e-17
7436.31640363 6.80411e-17
7437.59183884 8.00173e-17
7438.86727405 1.02388e-16
7440.14270926 8.03872e-17
7441.41814446 5.6627e-17
7442.69357967 3.39148e-17
7443.96901488 7.4553e-17
7445.24445009 7.35933e-17
7446.5198853 8.77515e-17
7447.79532051 9.84734e-17
7449.07075572 7.58601e-17
7450.34619093 8.26804e-17
7451.62162614 8.01445e-17
7452.89706135 6.13739e-17
7454.17249656 4.21495e-17
7455.44793177 6.60419e-17
7456.72336698 6.55347e-17
7457.99880219 3.30476e-17
7459.27423739 8.38066e-17
7460.5496726 1.49101e-16
7461.82510781 1.20792e-16
7463.10054302 2.30939e-17
7464.37597823 8.21238e-17
7465.65141344 9.63259e-17
7466.92684865 6.22845e-17
7468.20228386 7.49353e-17
7469.47771907 8.54436e-17
7470.75315428 1.56328e-16
7472.02858949 2.04836e-16
7473.3040247 1.06269e-16
7474.57945991 9.74261e-17
7475.85489511 9.73364e-17
7477.13033032 8.73122e-17
7478.40576553 1.54222e-16
7479.68120074 1.34306e-16
7480.95663595 1.14263e-16
7482.23207116 1.09413e-16
7483.50750637 9.62782e-17
7484.78294158 1.43509e-16
7486.05837679 1.12193e-16
7487.333812 4.14273e-17
7488.60924721 4.61884e-17
7489.88468242 3.28239e-17
7491.16011763 6.49412e-17
7492.43555284 1.36403e-16
7493.71098804 8.12139e-17
7494.98642325 1.18669e-16
7496.26185846 1.54171e-16
7497.53729367 6.29219e-17
7498.81272888 1.16578e-16
7500.08816409 1.46787e-16
7501.3635993 1.25418e-16
7502.63903451 1.16232e-16
7503.91446972 9.89545e-17
7505.18990493 1.03324e-16
7506.46534014 4.70506e-17
7507.74077535 3.5725e-17
7509.01621056 4.7708e-17
7510.29164577 1.00733e-16
7511.56708097 8.12651e-17
7512.84251618 1.1645e-16
7514.11795139 1.25849e-16
7515.3933866 7.92822e-17
7516.66882181 9.12143e-17
7517.94425702 7.70163e-17
7519.21969223 1.02786e-16
7520.49512744 1.06372e-16
7521.77056265 9.32369e-17
7523.04599786 1.0851e-16
7524.32143307 1.17963e-16
7525.59686828 7.55695e-17
7526.87230349 7.9084e-17
7528.1477387 1.03197e-16
7529.4231739 8.07397e-17
7530.69860911 1.19074e-16
7531.97404432 1.40533e-16
7533.24947953 1.71701e-16
7534.52491474 1.76477e-16
7535.80034995 1.18441e-16
7537.07578516 5.55409e-17
7538.35122037 6.59664e-17
7539.62665558 1.11555e-16
7540.90209079 1.15252e-16
7542.177526 1.68111e-16
7543.45296121 1.46707e-16
7544.72839642 5.83589e-17
7546.00383162 9.76614e-17
7547.27926683 1.14577e-16
7548.55470204 9.9737e-17
7549.83013725 1.23734e-16
7551.10557246 7.8279e-17
7552.38100767 1.1185e-16
7553.65644288 5.70362e-17
7554.93187809 6.64496e-17
7556.2073133 8.4517e-17
7557.48274851 9.12521e-17
7558.75818372 1.29553e-16
7560.03361893 1.27989e-16
7561.30905414 9.16812e-17
7562.58448935 9.2266e-17
7563.85992455 2.53283e-17
7565.13535976 1.11831e-16
7566.41079497 1.22636e-16
7567.68623018 8.58029e-17
7568.96166539 1.09941e-16
7570.2371006 8.99043e-17
7571.51253581 7.46967e-17
7572.78797102 1.02012e-16
7574.06340623 1.09275e-16
7575.33884144 5.63508e-17
7576.61427665 6.11204e-17
7577.88971186 1.009e-16
7579.16514707 5.71566e-17
7580.44058228 4.93697e-17
7581.71601748 8.22039e-17
7582.99145269 8.23291e-17
7584.2668879 8.91605e-17
7585.54232311 7.86169e-17
7586.81775832 4.97043e-17
7588.09319353 1.70648e-17
7589.36862874 3.14465e-17
7590.64406395 1.26971e-16
7591.91949916 1.44069e-16
7593.19493437 8.397e-17
7594.47036958 6.96378e-17
7595.74580479 6.18416e-17
7597.02124 5.506e-17
7598.29667521 9.5042e-17
7599.57211041 4.92843e-17
7600.84754562 -9.92474e-18
7602.12298083 3.42187e-17
7603.39841604 7.81289e-17
7604.67385125 5.19809e-17
7605.94928646 1.88203e-17
7607.22472167 7.43846e-17
7608.50015688 8.226e-17
7609.77559209 3.40787e-17
7611.0510273 5.54486e-17
7612.32646251 9.4413e-17
7613.60189772 1.14143e-16
7614.87733293 7.40357e-17
7616.15276814 8.37899e-17
7617.42820334 1.17836e-16
7618.70363855 6.36118e-17
7619.97907376 2.40398e-17
7621.25450897 6.68329e-17
7622.52994418 1.02298e-16
7623.80537939 9.17942e-17
7625.0808146 1.07681e-16
7626.35624981 1.17578e-16
7627.63168502 5.05857e-17
7628.90712023 4.54709e-17
7630.18255544 7.98546e-17
7631.45799065 5.79936e-17
7632.73342586 6.73013e-17
7634.00886106 3.04377e-17
7635.28429627 3.67843e-17
7636.55973148 7.34388e-17
7637.83516669 6.69387e-17
7639.1106019 2.97498e-17
7640.38603711 2.99199e-17
7641.66147232 4.86617e-17
7642.93690753 1.36391e-16
7644.21234274 1.33848e-16
7645.48777795 1.13297e-17
7646.76321316 1.9333e-17
7648.03864837 9.1232e-17
7649.31408358 4.52844e-17
7650.58951879 1.25793e-16
7651.86495399 1.61813e-16
7653.1403892 9.01925e-17
7654.41582441 4.96735e-17
7655.69125962 8.35512e-17
7656.96669483 8.91623e-17
7658.24213004 1.03862e-16
7659.51756525 1.54385e-16
7660.79300046 8.98771e-17
7662.06843567 2.14869e-17
7663.34387088 7.37444e-17
7664.61930609 8.41951e-17
7665.8947413 7.03371e-17
7667.17017651 1.01913e-16
7668.44561172 7.47266e-17
7669.72104692 4.76264e-17
7670.99648213 1.10286e-16
7672.27191734 1.18112e-16
7673.54735255 4.76332e-17
7674.82278776 1.14564e-16
7676.09822297 1.11716e-16
7677.37365818 2.83089e-17
7678.64909339 3.79584e-18
7679.9245286 5.48942e-17
7681.19996381 5.76977e-17
7682.47539902 1.02557e-16
7683.75083423 1.40286e-16
7685.02626944 1.40539e-16
7686.30170465 7.43181e-17
7687.57713985 6.43054e-17
7688.85257506 1.09339e-16
7690.12801027 1.12528e-16
7691.40344548 9.60817e-17
7692.67888069 1.31021e-16
7693.9543159 1.20784e-16
7695.22975111 7.43775e-17
7696.50518632 6.41115e-17
7697.78062153 6.61871e-17
7699.05605674 8.2113e-17
7700.33149195 9.49006e-17
7701.60692716 1.26827e-16
7702.88236237 1.45918e-16
7704.15779757 8.34287e-17
7705.43323278 9.70081e-17
7706.70866799 1.39877e-16
7707.9841032 1.10026e-16
7709.25953841 1.13211e-16
7710.53497362 9.976e-17
7711.81040883 7.79156e-17
7713.08584404 9.12348e-17
7714.36127925 1.28456e-16
7715.63671446 1.37097e-16
7716.91214967 1.16753e-16
7718.18758488 6.8112e-17
7719.46302009 7.89525e-17
7720.7384553 1.3708e-16
7722.0138905 1.45336e-16
7723.28932571 1.0811e-16
7724.56476092 8.31345e-17
7725.84019613 1.10424e-16
7727.11563134 1.0199e-16
7728.39106655 4.68787e-17
7729.66650176 8.66794e-17
7730.94193697 1.02356e-16
7732.21737218 4.98981e-17
7733.49280739 7.23981e-17
7734.7682426 5.86323e-17
7736.04367781 8.14301e-17
7737.31911302 1.39731e-16
7738.59454823 8.7195e-17
7739.86998343 9.54632e-17
7741.14541864 7.75016e-17
7742.42085385 7.29953e-18
7743.69628906 9.22235e-18
7744.97172427 5.18932e-17
7746.24715948 7.47311e-17
7747.52259469 6.29374e-17
7748.7980299 5.11413e-17
7750.07346511 2.36052e-17
7751.34890032 4.35374e-17
7752.62433553 1.03888e-16
7753.89977074 1.09981e-16
7755.17520595 1.25889e-16
7756.45064116 7.73812e-17
7757.72607636 3.49308e-17
7759.00151157 1.09842e-16
7760.27694678 1.02328e-16
7761.55238199 5.88206e-17
7762.8278172 8.87233e-17
7764.10325241 4.75457e-17
7765.37868762 4.59098e-17
7766.65412283 1.32527e-16
7767.92955804 1.81652e-16
7769.20499325 1.2393e-16
7770.48042846 2.40375e-17
7771.75586367 6.53039e-17
7773.03129888 2.83885e-17
7774.30673409 6.9988e-18
7775.58216929 2.15128e-17
7776.8576045 1.27258e-16
7778.13303971 9.24707e-17
7779.40847492 1.21082e-16
7780.68391013 6.24218e-17
7781.95934534 2.35101e-17
7783.23478055 4.78221e-17
7784.51021576 9.74065e-17
7785.78565097 9.67213e-17
7787.06108618 6.22856e-17
7788.33652139 9.27859e-17
7789.6119566 1.23617e-16
7790.88739181 1.00402e-16
7792.16282701 9.96851e-17
7793.43826222 1.2769e-16
7794.71369743 1.13578e-16
7795.98913264 1.0799e-16
7797.26456785 1.22867e-16
7798.54000306 1.58253e-16
7799.81543827 1.08892e-16
7801.09087348 6.39825e-17
7802.36630869 7.00284e-17
7803.6417439 1.03803e-16
7804.91717911 9.29257e-17
7806.19261432 9.98996e-17
7807.46804953 1.1308e-16
7808.74348474 1.34136e-16
7810.01891994 1.27069e-16
7811.29435515 1.16656e-16
7812.56979036 1.40531e-16
7813.84522557 1.39938e-16
7815.12066078 1.20612e-16
7816.39609599 1.17478e-16
7817.6715312 9.61734e-17
7818.94696641 6.5304e-17
7820.22240162 5.3518e-17
7821.49783683 7.39529e-17
7822.77327204 1.27234e-16
7824.04870725 1.26196e-16
7825.32414246 5.83287e-17
7826.59957767 4.00233e-17
7827.87501287 8.78931e-17
7829.15044808 1.00586e-16
7830.42588329 8.71604e-17
7831.7013185 1.33129e-16
7832.97675371 1.5941e-16
7834.25218892 9.74608e-17
7835.52762413 8.11515e-17
7836.80305934 6.87685e-17
7838.07849455 1.20722e-16
7839.35392976 7.99224e-17
7840.62936497 2.0925e-17
7841.90480018 4.28828e-17
7843.18023539 4.83934e-17
7844.4556706 7.22376e-17
7845.7311058 6.08252e-17
7847.00654101 8.81658e-17
7848.28197622 1.26546e-16
7849.55741143 1.11231e-16
7850.83284664 1.1955e-16
7852.10828185 1.05905e-16
7853.38371706 1.70549e-16
7854.65915227 9.01632e-17
7855.93458748 7.39338e-17
7857.21002269 1.00845e-16
7858.4854579 1.17049e-16
7859.76089311 8.19593e-17
7861.03632832 9.6657e-17
7862.31176353 1.32504e-16
7863.58719873 1.43047e-16
7864.86263394 1.56125e-16
7866.13806915 1.18548e-16
7867.41350436 9.56586e-17
7868.68893957 9.00079e-17
7869.96437478 5.32598e-17
7871.23980999 7.33916e-17
7872.5152452 9.67136e-17
7873.79068041 1.56913e-16
7875.06611562 1.29391e-16
7876.34155083 5.74483e-17
7877.61698604 8.57586e-17
7878.89242125 9.08665e-17
7880.16785645 6.86546e-17
7881.44329166 1.05878e-16
7882.71872687 7.28149e-17
7883.99416208 4.85339e-17
7885.26959729 9.14864e-17
7886.5450325 1.54231e-16
7887.82046771 1.40176e-16
7889.09590292 1.04363e-16
7890.37133813 8.32324e-17
7891.64677334 8.2731e-17
7892.92220855 1.01093e-16
7894.19764376 1.15333e-16
7895.47307897 1.12696e-16
7896.74851418 5.84055e-17
7898.02394938 1.17399e-16
7899.29938459 1.46192e-16
7900.5748198 9.30364e-17
7901.85025501 9.97373e-17
7903.12569022 8.22558e-17
7904.40112543 1.03613e-17
7905.67656064 5.82124e-17
7906.95199585 1.06634e-16
7908.22743106 9.22471e-17
7909.50286627 2.02862e-17
7910.77830148 5.37148e-18
7912.05373669 1.87238e-17
7913.3291719 7.31753e-17
7914.60460711 1.21162e-16
7915.88004231 5.90116e-17
7917.15547752 2.03848e-17
7918.43091273 8.20258e-17
7919.70634794 1.3226e-16
7920.98178315 1.11495e-16
7922.25721836 1.25509e-16
7923.53265357 8.83961e-17
7924.80808878 3.84601e-17
7926.08352399 3.95386e-17
7927.3589592 7.47452e-17
7928.63439441 1.00821e-16
7929.90982962 9.83664e-17
7931.18526483 8.27772e-17
7932.46070004 8.89348e-17
7933.73613524 8.26619e-17
7935.01157045 7.05241e-17
7936.28700566 1.05842e-16
7937.56244087 1.33391e-16
7938.83787608 1.1083e-16
7940.11331129 8.54036e-17
7941.3887465 5.56694e-17
7942.66418171 6.31605e-17
7943.93961692 9.83822e-17
7945.21505213 4.56416e-17
7946.49048734 4.85201e-17
7947.76592255 6.68283e-17
7949.04135776 9.27845e-17
7950.31679296 4.44705e-17
7951.59222817 2.40784e-17
7952.86766338 1.01463e-16
7954.14309859 1.08577e-16
7955.4185338 1.01043e-16
7956.69396901 9.86727e-17
7957.96940422 4.68646e-17
7959.24483943 5.81255e-17
7960.52027464 1.09966e-16
7961.79570985 1.03012e-16
7963.07114506 7.76256e-17
7964.34658027 6.27043e-17
7965.62201548 1.10125e-16
7966.89745069 1.01037e-16
7968.17288589 8.02727e-17
7969.4483211 8.92994e-17
7970.72375631 6.07184e-17
7971.99919152 5.84589e-17
7973.27462673 8.55228e-17
7974.55006194 6.19784e-17
7975.82549715 9.83705e-17
7977.10093236 1.58198e-16
7978.37636757 1.54264e-16
7979.65180278 9.85546e-17
7980.92723799 7.48499e-17
7982.2026732 1.37701e-16
7983.47810841 1.34716e-16
7984.75354362 6.07363e-17
7986.02897882 8.8982e-17
7987.30441403 8.61493e-17
7988.57984924 9.75422e-17
7989.85528445 1.1258e-16
7991.13071966 9.33023e-17
7992.40615487 1.01629e-16
7993.68159008 1.1908e-16
7994.95702529 1.44975e-16
7996.2324605 1.19723e-16
7997.50789571 1.03178e-16
7998.78333092 1.01624e-16
8000.05876613 1.08542e-16
8001.33420134 1.0474e-16
8002.60963655 7.82043e-17
8003.88507175 7.41236e-17
8005.16050696 7.24688e-17
8006.43594217 8.92908e-17
8007.71137738 1.17298e-16
8008.98681259 9.80936e-17
8010.2622478 5.6678e-17
8011.53768301 7.32603e-17
8012.81311822 1.43005e-16
8014.08855343 1.63901e-16
8015.36398864 1.08056e-16
8016.63942385 9.44762e-17
8017.91485906 9.6335e-17
8019.19029427 1.10401e-16
8020.46572948 1.09328e-16
8021.74116468 8.03334e-17
8023.01659989 8.8137e-17
8024.2920351 1.06038e-16
8025.56747031 1.23852e-16
8026.84290552 1.55996e-16
8028.11834073 1.40896e-16
8029.39377594 9.99475e-17
8030.66921115 1.10318e-16
8031.94464636 1.81085e-16
8033.22008157 1.17642e-16
8034.49551678 8.93882e-17
8035.77095199 9.87241e-17
8037.0463872 1.12781e-16
8038.3218224 9.91192e-17
8039.59725761 6.60677e-17
8040.87269282 1.07615e-16
8042.14812803 1.29251e-16
8043.42356324 7.58485e-17
8044.69899845 6.20344e-17
8045.97443366 5.87148e-17
8047.24986887 7.31408e-17
8048.52530408 6.08705e-17
8049.80073929 8.17341e-17
8051.0761745 8.63815e-17
8052.35160971 9.84182e-17
8053.62704492 8.81615e-17
8054.90248013 9.52067e-17
8056.17791533 9.81014e-17
8057.45335054 9.28723e-17
8058.72878575 7.10092e-17
8060.00422096 8.45675e-17
8061.27965617 1.35362e-16
8062.55509138 9.25166e-17
8063.83052659 2.3782e-17
8065.1059618 6.02763e-17
8066.38139701 6.96793e-17
8067.65683222 5.66313e-17
8068.93226743 9.28237e-17
8070.20770264 1.29793e-16
8071.48313785 1.07063e-16
8072.75857306 1.22902e-16
8074.03400826 1.69252e-16
8075.30944347 6.94844e-17
8076.58487868 4.5664e-17
8077.86031389 7.17335e-17
8079.1357491 9.62089e-17
8080.41118431 1.43719e-16
8081.68661952 9.91257e-17
8082.96205473 5.95363e-17
8084.23748994 7.31269e-17
8085.51292515 1.00166e-16
8086.78836036 1.04458e-16
8088.06379557 9.15594e-17
8089.33923078 1.83943e-16
8090.61466599 1.46715e-16
8091.89010119 9.12344e-17
8093.1655364 1.00583e-16
8094.44097161 1.21416e-16
8095.71640682 1.05168e-16
8096.99184203 3.33062e-17
8098.26727724 1.49705e-18
8099.54271245 1.34933e-17
8100.81814766 1.56748e-17
8102.09358287 8.06028e-17
8103.36901808 1.23237e-16
8104.64445329 7.57231e-17
8105.9198885 3.8409e-17
8107.19532371 8.17695e-17
8108.47075891 4.18674e-17
8109.74619412 2.49278e-17
8111.02162933 7.81523e-17
8112.29706454 9.517e-17
8113.57249975 1.03673e-16
8114.84793496 1.22674e-16
8116.12337017 1.52865e-16
8117.39880538 1.72639e-16
8118.67424059 1.55728e-16
8119.9496758 1.6048e-16
8121.22511101 1.49115e-16
8122.50054622 1.13878e-16
8123.77598143 1.33878e-16
8125.05141664 1.23281e-16
8126.32685184 7.7753e-17
8127.60228705 7.66656e-17
8128.87772226 1.01351e-16
8130.15315747 1.44429e-16
8131.42859268 1.45796e-16
8132.70402789 1.04452e-16
8133.9794631 9.56089e-17
8135.25489831 8.81304e-17
8136.53033352 9.83615e-17
8137.80576873 1.5597e-16
8139.08120394 1.1669e-16
8140.35663915 6.06349e-17
8141.63207436 7.34269e-17
8142.90750957 6.60439e-17
8144.18294477 5.95295e-17
8145.45837998 1.02273e-16
8146.73381519 8.42198e-17
8148.0092504 8.04739e-17
8149.28468561 8.94289e-17
8150.56012082 9.81192e-17
8151.83555603 1.14973e-16
8153.11099124 6.90202e-17
8154.38642645 5.33584e-17
8155.66186166 1.37015e-16
8156.93729687 1.72472e-16
8158.21273208 1.85852e-16
8159.48816729 1.10726e-16
8160.7636025 6.58173e-17
8162.0390377 3.77434e-17
8163.31447291 3.14036e-17
8164.58990812 6.4809e-17
8165.86534333 4.39487e-17
8167.14077854 8.50394e-17
8168.41621375 1.25858e-16
8169.69164896 1.0984e-16
8170.96708417 1.54543e-16
8172.24251938 1.28613e-16
8173.51795459 2.88277e-17
8174.7933898 4.38661e-18
8176.06882501 4.52003e-17
8177.34426022 1.31471e-16
8178.61969543 1.32921e-16
8179.89513063 9.71847e-17
8181.17056584 1.25689e-16
8182.44600105 1.23685e-16
8183.72143626 9.56652e-17
8184.99687147 8.13712e-17
8186.27230668 1.0353e-16
8187.54774189 1.44172e-16
8188.8231771 8.88533e-17
8190.09861231 8.78522e-18
8191.37404752 1.9011e-17
8192.64948273 2.8938e-17
8193.92491794 8.85908e-17
8195.20035315 1.03462e-16
8196.47578835 1.30143e-16
8197.75122356 1.00034e-16
8199.02665877 7.30206e-17
8200.30209398 9.84206e-17
8201.57752919 1.21304e-16
8202.8529644 9.04796e-17
8204.12839961 8.52992e-17
8205.40383482 1.11101e-16
8206.67927003 6.88323e-17
8207.95470524 8.90878e-17
8209.23014045 7.73813e-17
8210.50557566 3.206e-17
8211.78101087 9.14971e-17
8213.05644608 1.18191e-16
8214.33188128 5.70138e-17
8215.60731649 5.75298e-17
8216.8827517 8.87314e-17
8218.15818691 6.41481e-17
8219.43362212 7.14922e-17
8220.70905733 1.11279e-16
8221.98449254 8.77802e-17
8223.25992775 6.81646e-17
8224.53536296 8.85189e-17
8225.81079817 9.51756e-17
8227.08623338 6.23524e-17
8228.36166859 6.36247e-17
8229.6371038 9.99105e-17
8230.91253901 9.08659e-17
8232.18797421 1.83179e-17
8233.46340942 3.94555e-17
8234.73884463 8.80749e-17
8236.01427984 9.27555e-17
8237.28971505 1.19252e-16
8238.56515026 1.28757e-16
8239.84058547 1.68878e-16
8241.11602068 1.20212e-16
8242.39145589 1.24837e-17
8243.6668911 7.00737e-17
8244.94232631 1.46793e-16
8246.21776152 8.96805e-17
8247.49319673 1.24196e-16
8248.76863194 2.43707e-16
8250.04406714 2.07331e-16
8251.31950235 8.94131e-17
8252.59493756 5.05247e-17
8253.87037277 7.96289e-17
8255.14580798 1.51979e-16
8256.42124319 1.48054e-16
8257.6966784 9.26051e-17
8258.97211361 2.52338e-17
8260.24754882 5.11263e-17
8261.52298403 1.26529e-16
8262.79841924 1.94563e-16
8264.07385445 9.16241e-17
8265.34928966 4.91676e-17
8266.62472486 1.02396e-16
8267.90016007 1.06971e-16
8269.17559528 1.40395e-16
8270.45103049 1.0722e-16
8271.7264657 6.17958e-17
8273.00190091 8.27391e-17
8274.27733612 1.26061e-16
8275.55277133 6.69215e-17
8276.82820654 5.71248e-17
8278.10364175 1.04208e-16
8279.37907696 1.00149e-16
8280.65451217 9.35291e-17
8281.92994738 1.06635e-16
8283.20538259 8.50916e-17
8284.48081779 8.26153e-17
8285.756253 1.2326e-16
8287.03168821 1.37482e-16
8288.30712342 1.442e-16
8289.58255863 9.91178e-17
8290.85799384 8.10443e-17
8292.13342905 1.55261e-16
8293.40886426 2.07006e-16
8294.68429947 1.88713e-16
8295.95973468 1.03991e-16
8297.23516989 8.36388e-17
8298.5106051 1.59021e-16
8299.78604031 1.75792e-16
8301.06147552 1.29488e-16
8302.33691072 8.43555e-17
8303.61234593 8.08446e-17
8304.88778114 8.26137e-17
8306.16321635 9.3776e-17
8307.43865156 3.85319e-17
8308.71408677 -3.31777e-17
8309.98952198 1.41727e-17
8311.26495719 4.86954e-17
8312.5403924 4.56912e-17
8313.81582761 8.85067e-17
8315.09126282 1.09853e-16
8316.36669803 1.15021e-16
8317.64213324 9.755e-17
8318.91756845 1.02112e-16
8320.19300365 1.07838e-16
8321.46843886 7.81795e-17
8322.74387407 7.23711e-17
8324.01930928 1.11232e-16
8325.29474449 8.40323e-17
8326.5701797 6.80301e-17
8327.84561491 8.1098e-17
8329.12105012 6.15244e-18
8330.39648533 1.08907e-17
8331.67192054 1.2468e-16
8332.94735575 7.11143e-17
8334.22279096 6.1439e-17
8335.49822617 1.34053e-16
8336.77366138 1.32548e-16
8338.04909658 7.52905e-17
8339.32453179 6.53385e-17
8340.599967 1.06881e-16
8341.87540221 1.21165e-16
8343.15083742 8.97753e-17
8344.42627263 6.06227e-17
8345.70170784 8.14464e-17
8346.97714305 1.02066e-16
8348.25257826 4.37204e-17
8349.52801347 1.09605e-16
8350.80344868 6.72262e-17
8352.07888389 9.11047e-17
8353.3543191 1.05662e-16
8354.6297543 1.03532e-16
8355.90518951 9.3179e-17
8357.18062472 4.48535e-17
8358.45605993 4.1104e-17
8359.73149514 1.07731e-16
8361.00693035 1.68653e-16
8362.28236556 1.54077e-16
8363.55780077 1.78065e-16
8364.83323598 6.78012e-17
8366.10867119 6.87658e-17
8367.3841064 1.19969e-16
8368.65954161 1.54269e-16
8369.93497682 1.43318e-16
8371.21041203 1.03831e-16
8372.48584723 7.41247e-17
8373.76128244 4.4762e-17
8375.03671765 6.22995e-17
8376.31215286 4.9635e-17
8377.58758807 5.56648e-17
8378.86302328 1.08602e-16
8380.13845849 1.24206e-16
8381.4138937 1.22638e-16
8382.68932891 1.35681e-16
8383.96476412 1.45306e-16
8385.24019933 8.69786e-17
8386.51563454 2.41428e-17
8387.79106975 5.96241e-17
8389.06650496 1.00964e-16
8390.34194016 1.23621e-16
8391.61737537 1.16602e-16
8392.89281058 9.13024e-17
8394.16824579 1.44104e-16
8395.443681 1.27199e-16
8396.71911621 8.52052e-17
8397.99455142 5.86756e-17
8399.26998663 7.22159e-17
8400.54542184 1.47936e-16
8401.82085705 1.64704e-16
8403.09629226 1.26449e-16
8404.37172747 1.28171e-16
8405.64716268 1.51765e-16
8406.92259789 1.85773e-16
8408.19803309 1.4061e-16
8409.4734683 8.9587e-17
8410.74890351 9.47176e-17
8412.02433872 1.14042e-16
8413.29977393 1.29538e-16
8414.57520914 1.33552e-16
8415.85064435 9.30364e-17
8417.12607956 7.12439e-17
8418.40151477 1.20234e-16
8419.67694998 1.09456e-16
8420.95238519 9.18203e-17
8422.2278204 9.08575e-17
8423.50325561 7.30971e-17
8424.77869081 8.95797e-17
8426.05412602 1.44784e-16
8427.32956123 1.6265e-16
8428.60499644 1.63435e-16
8429.88043165 1.57793e-16
8431.15586686 8.03634e-17
8432.43130207 7.65654e-17
8433.70673728 1.46734e-16
8434.98217249 8.48967e-17
8436.2576077 1.61169e-17
8437.53304291 7.03221e-17
8438.80847812 6.87579e-17
8440.08391333 1.90284e-17
8441.35934854 4.39195e-17
8442.63478374 1.30105e-16
8443.91021895 2.1124e-16
8445.18565416 1.34785e-16
8446.46108937 7.00117e-17
8447.73652458 8.11368e-17
8449.01195979 6.68897e-17
8450.287395 2.22494e-17
8451.56283021 1.37162e-16
8452.83826542 1.62181e-16
8454.11370063 6.47519e-17
8455.38913584 6.10913e-17
8456.66457105 5.87652e-17
8457.94000626 1.02432e-16
8459.21544147 1.19962e-16
8460.49087667 1.29945e-16
8461.76631188 1.16578e-16
8463.04174709 7.22441e-17
8464.3171823 4.31522e-17
8465.59261751 3.61243e-17
8466.86805272 3.88246e-17
8468.14348793 4.762e-17
8469.41892314 8.46614e-17
8470.69435835 1.25989e-16
8471.96979356 1.11755e-16
8473.24522877 1.22041e-16
8474.52066398 7.59189e-17
8475.79609919 1.42484e-16
8477.0715344 1.58952e-16
8478.3469696 7.86527e-17
8479.62240481 5.58989e-17
8480.89784002 6.00187e-17
8482.17327523 5.80841e-17
8483.44871044 9.41801e-17
8484.72414565 8.99599e-17
8485.99958086 1.11747e-16
8487.27501607 8.71439e-17
8488.55045128 -1.2387e-17
8489.82588649 1.96494e-17
8491.1013217 7.1484e-17
8492.37675691 9.83937e-17
8493.65219212 1.15545e-16
8494.92762733 1.00474e-16
8496.20306253 8.27796e-17
8497.47849774 3.69947e-17
8498.75393295 9.31464e-17
8500.02936816 1.44266e-16
8501.30480337 1.27924e-16
8502.58023858 1.09351e-16
8503.85567379 1.51357e-16
8505.131109 1.66571e-16
8506.40654421 1.71935e-16
8507.68197942 1.82727e-16
8508.95741463 1.39901e-16
8510.23284984 1.15771e-16
8511.50828505 7.32667e-17
8512.78372025 9.55842e-17
8514.05915546 1.73512e-16
8515.33459067 1.80073e-16
8516.61002588 1.10076e-16
8517.88546109 1.21858e-16
8519.1608963 2.06694e-16
8520.43633151 1.9706e-16
8521.71176672 1.05426e-16
8522.98720193 5.64448e-17
8524.26263714 3.84354e-17
8525.53807235 4.85934e-17
8526.81350756 1.01308e-16
8528.08894277 1.1074e-16
8529.36437798 1.80129e-16
8530.63981318 1.7982e-16
8531.91524839 1.11869e-16
8533.1906836 6.68783e-17
8534.46611881 6.63978e-18
8535.74155402 2.55961e-17
8537.01698923 1.68486e-17
8538.29242444 6.44684e-17
8539.56785965 4.7062e-17
8540.84329486 7.81846e-17
8542.11873007 1.04123e-16
8543.39416528 6.77251e-17
8544.66960049 1.21621e-16
8545.9450357 1.70942e-16
8547.22047091 9.79094e-17
8548.49590611 1.22848e-16
8549.77134132 1.288e-16
8551.04677653 1.11855e-16
8552.32221174 6.70414e-17
8553.59764695 8.99898e-17
8554.87308216 1.14945e-16
8556.14851737 1.07331e-16
8557.42395258 9.57275e-17
8558.69938779 9.10087e-17
8559.974823 1.06722e-16
8561.25025821 9.48987e-17
8562.52569342 1.23633e-16
8563.80112863 1.65434e-16
8565.07656384 6.07e-17
8566.35199904 1.09532e-16
8567.62743425 1.62739e-16
8568.90286946 1.16747e-16
8570.17830467 6.96984e-17
8571.45373988 5.48362e-17
8572.72917509 1.20798e-16
8574.0046103 8.78372e-17
8575.28004551 1.07549e-16
8576.55548072 1.24828e-16
8577.83091593 1.01587e-16
8579.10635114 1.23843e-16
8580.38178635 1.2112e-16
8581.65722156 7.48462e-17
8582.93265676 9.04163e-17
8584.20809197 1.6167e-16
8585.48352718 1.64296e-16
8586.75896239 6.0029e-17
8588.0343976 5.4846e-17
8589.30983281 5.5253e-17
8590.58526802 1.32527e-16
8591.86070323 1.67822e-16
8593.13613844 1.50358e-16
8594.41157365 1.30361e-16
8595.68700886 1.24777e-16
8596.96244407 1.98845e-16
8598.23787928 1.58834e-16
8599.51331449 2.63734e-17
8600.78874969 1.93177e-17
8602.0641849 5.87722e-17
8603.33962011 6.5516e-17
8604.61505532 1.537e-16
8605.89049053 2.19056e-16
8607.16592574 1.38407e-16
8608.44136095 5.87297e-17
8609.71679616 3.41174e-17
8610.99223137 2.26891e-17
8612.26766658 -3.41291e-18
8613.54310179 5.72062e-17
8614.818537 1.01214e-16
8616.09397221 2.52845e-17
8617.36940742 2.62603e-17
8618.64484262 1.37324e-16
8619.92027783 1.77205e-16
8621.19571304 1.55637e-16
8622.47114825 1.23917e-16
8623.74658346 1.39916e-16
8625.02201867 1.95058e-17
8626.29745388 -1.29902e-17
8627.57288909 8.91284e-17
8628.8483243 1.51054e-16
8630.12375951 1.48679e-16
8631.39919472 1.02083e-16
8632.67462993 4.31287e-17
8633.95006514 9.47103e-17
8635.22550035 1.38099e-16
8636.50093555 9.90254e-17
8637.77637076 5.10578e-17
8639.05180597 6.31513e-17
8640.32724118 1.12704e-16
8641.60267639 1.05277e-16
8642.8781116 1.14769e-16
8644.15354681 1.76231e-16
8645.42898202 1.28652e-16
8646.70441723 1.26029e-16
8647.97985244 1.32941e-16
8649.25528765 1.00705e-16
8650.53072286 9.95226e-17
8651.80615807 1.45078e-16
8653.08159328 1.73457e-16
8654.35702848 1.82594e-16
8655.63246369 1.78293e-16
8656.9078989 1.11727e-16
8658.18333411 6.75885e-17
8659.45876932 1.22678e-16
8660.73420453 1.47826e-16
8662.00963974 1.29752e-16
8663.28507495 1.60256e-16
8664.56051016 1.97932e-16
8665.83594537 1.45686e-16
8667.11138058 8.58129e-17
8668.38681579 1.1626e-16
8669.662251 1.20986e-16
8670.9376862 6.7288e-17
8672.21312141 1.30988e-17
8673.48855662 4.74899e-17
8674.76399183 1.01214e-16
8676.03942704 1.13304e-16
8677.31486225 1.10916e-16
8678.59029746 1.25507e-16
8679.86573267 1.17635e-16
8681.14116788 8.06794e-17
8682.41660309 1.7386e-16
8683.6920383 1.57317e-16
8684.96747351 6.89266e-17
8686.24290872 1.999e-18
8687.51834393 8.84539e-17
8688.79377913 1.93957e-16
8690.06921434 1.70339e-16
8691.34464955 1.95363e-16
8692.62008476 1.68856e-16
8693.89551997 1.6225e-16
8695.17095518 8.75617e-17
8696.44639039 7.02237e-17
8697.7218256 1.20113e-16
8698.99726081 1.08458e-16
8700.27269602 1.05143e-16
8701.54813123 1.51407e-16
8702.82356644 1.39759e-16
8704.09900165 1.49799e-16
8705.37443686 9.90825e-17
8706.64987206 6.56943e-17
8707.92530727 6.75389e-17
8709.20074248 8.78896e-17
8710.47617769 1.51637e-16
8711.7516129 1.83885e-16
8713.02704811 1.48063e-16
8714.30248332 1.4116e-16
8715.57791853 9.02751e-17
8716.85335374 4.78941e-17
8718.12878895 7.6189e-17
8719.40422416 1.14199e-16
8720.67965937 1.67264e-16
8721.95509458 1.28633e-16
8723.23052979 6.9215e-17
8724.50596499 1.22316e-16
8725.7814002 9.14141e-17
8727.05683541 1.17949e-16
8728.33227062 1.12687e-16
8729.60770583 1.05321e-16
8730.88314104 1.05743e-16
8732.15857625 1.24884e-16
8733.43401146 1.47983e-16
8734.70944667 7.56396e-17
8735.98488188 -3.77461e-17
8737.26031709 7.2984e-18
8738.5357523 1.02535e-16
8739.81118751 1.2156e-16
8741.08662271 1.41529e-16
8742.36205792 1.44556e-16
8743.63749313 1.0888e-16
8744.91292834 9.79188e-17
8746.18836355 1.05894e-16
8747.46379876 6.82869e-17
8748.73923397 3.58408e-17
8750.01466918 6.93445e-17
8751.29010439 8.35565e-17
8752.5655396 1.44873e-16
8753.84097481 1.63574e-16
8755.11641002 1.09737e-16
8756.39184523 1.34049e-16
8757.66728044 2.12545e-16
8758.94271564 1.81285e-16
8760.21815085 1.04008e-16
8761.49358606 1.26657e-16
8762.76902127 1.21643e-16
8764.04445648 9.8117e-17
8765.31989169 4.05656e-17
8766.5953269 2.0708e-17
8767.87076211 7.15346e-17
8769.14619732 3.10211e-17
8770.42163253 2.97908e-17
8771.69706774 1.21457e-16
8772.97250295 8.76511e-17
8774.24793816 6.3542e-17
8775.52337337 9.13555e-17
8776.79880857 1.27068e-16
8778.07424378 1.45148e-16
8779.34967899 1.30606e-16
8780.6251142 1.65314e-16
8781.90054941 1.92829e-16
8783.17598462 1.33369e-16
8784.45141983 4.32521e-17
8785.72685504 -1.88205e-17
8787.00229025 7.19088e-17
8788.27772546 1.80071e-16
8789.55316067 1.35552e-16
8790.82859588 8.74581e-17
8792.10403109 9.3082e-17
8793.3794663 1.77013e-16
8794.6549015 1.7875e-16
8795.93033671 1.21734e-16
8797.20577192 3.86988e-17
8798.48120713 2.5452e-17
8799.75664234 9.06295e-17
8801.03207755 1.28832e-16
8802.30751276 1.70406e-16
8803.58294797 1.30407e-16
8804.85838318 8.52504e-17
8806.13381839 1.7368e-16
8807.4092536 1.04746e-16
8808.68468881 2.97497e-17
8809.96012402 7.99375e-17
8811.23555923 8.29652e-17
8812.51099443 1.08831e-16
8813.78642964 4.3066e-17
8815.06186485 2.88844e-17
8816.33730006 9.60043e-17
8817.61273527 1.973e-16
8818.88817048 7.19964e-17
8820.16360569 3.33507e-18
8821.4390409 1.5768e-16
8822.71447611 1.64388e-16
8823.98991132 1.8073e-16
8825.26534653 7.6976e-17
8826.54078174 1.26004e-16
8827.81621695 1.49906e-16
8829.09165215 1.09177e-16
8830.36708736 9.92737e-17
8831.64252257 7.22102e-17
8832.91795778 8.1574e-17
8834.19339299 1.53213e-16
8835.4688282 1.32825e-16
8836.74426341 1.51938e-16
8838.01969862 1.43476e-16
8839.29513383 1.35756e-16
8840.57056904 1.09869e-16
8841.84600425 6.29783e-17
8843.12143946 7.95851e-17
8844.39687467 1.19201e-16
8845.67230988 1.53914e-16
8846.94774508 1.09393e-16
8848.22318029 6.57213e-17
8849.4986155 5.88019e-17
8850.77405071 1.06876e-16
8852.04948592 1.24589e-16
8853.32492113 5.12809e-17
8854.60035634 4.31552e-17
8855.87579155 8.60846e-17
8857.15122676 7.44219e-17
8858.42666197 1.59502e-16
8859.70209718 1.96823e-16
8860.97753239 1.56353e-16
8862.2529676 1.23692e-16
8863.52840281 1.08185e-16
8864.80383801 1.24752e-16
8866.07927322 9.36682e-17
8867.35470843 9.18339e-17
8868.63014364 1.67702e-16
8869.90557885 1.45798e-16
8871.18101406 9.8499e-17
8872.45644927 1.21209e-16
8873.73188448 1.63221e-16
8875.00731969 1.58924e-16
8876.2827549 6.60968e-17
8877.55819011 1.10622e-16
8878.83362532 1.0255e-16
8880.10906053 1.42953e-16
8881.38449574 5.92588e-17
8882.65993094 -6.01024e-17
8883.93536615 2.24579e-17
8885.21080136 6.18578e-17
8886.48623657 6.89451e-17
8887.76167178 7.47378e-17
8889.03710699 8.11189e-17
8890.3125422 9.75113e-17
8891.58797741 1.18505e-16
8892.86341262 6.34248e-17
8894.13884783 5.31151e-17
8895.41428304 1.58701e-16
8896.68971825 1.06417e-16
8897.96515346 1.05754e-16
8899.24058866 3.85022e-17
8900.51602387 -4.06997e-17
8901.79145908 -2.34945e-17
8903.06689429 7.58415e-17
8904.3423295 1.6404e-16
8905.61776471 1.65271e-16
8906.89319992 1.67921e-16
8908.16863513 1.68941e-16
8909.44407034 4.10533e-17
8910.71950555 -5.23528e-18
8911.99494076 5.17636e-17
8913.27037597 7.78053e-17
8914.54581118 1.17469e-16
8915.82124639 1.40604e-16
8917.09668159 6.68535e-17
8918.3721168 7.75151e-17
8919.64755201 1.13487e-16
8920.92298722 1.58292e-16
8922.19842243 1.01652e-16
8923.47385764 2.09819e-17
8924.74929285 8.74823e-17
8926.02472806 1.07892e-16
8927.30016327 4.91369e-17
8928.57559848 1.03622e-16
8929.85103369 1.46605e-16
8931.1264689 1.00953e-16
8932.40190411 3.139e-17
8933.67733932 5.40345e-17
8934.95277452 1.11078e-16
8936.22820973 9.92409e-17
8937.50364494 1.55039e-16
8938.77908015 4.09964e-17
8940.05451536 -1.42035e-17
8941.32995057 1.75153e-17
8942.60538578 -6.78239e-18
8943.88082099 4.7276e-17
8945.1562562 1.87199e-16
8946.43169141 1.49056e-16
8947.70712662 9.82813e-17
8948.98256183 1.11972e-16
8950.25799704 1.78862e-16
8951.53343225 2.8497e-16
8952.80886745 2.45262e-16
8954.08430266 1.27966e-16
8955.35973787 1.55448e-16
8956.63517308 1.11678e-16
8957.91060829 9.04511e-17
8959.1860435 1.065e-16
8960.46147871 1.95185e-16
8961.73691392 1.76313e-16
8963.01234913 4.78791e-17
8964.28778434 4.01725e-17
8965.56321955 9.045e-17
8966.83865476 1.21802e-16
8968.11408997 2.039e-16
8969.38952518 1.53015e-16
8970.66496038 1.03103e-16
8971.94039559 8.35716e-17
8973.2158308 2.11466e-18
8974.49126601 -1.718e-17
8975.76670122 5.55137e-17
8977.04213643 7.20327e-17
8978.31757164 4.6668e-17
8979.59300685 5.94104e-17
8980.86844206 9.15655e-18
8982.14387727 6.18218e-17
8983.41931248 2.082e-16
8984.69474769 1.28272e-16
8985.9701829 5.38886e-17
8987.2456181 7.96201e-17
8988.52105331 1.47738e-16
8989.79648852 1.97545e-16
8991.07192373 1.44303e-16
8992.34735894 1.10927e-16
8993.62279415 1.36638e-16
8994.89822936 7.00959e-17
8996.17366457 6.59371e-17
8997.44909978 -2.21897e-17
8998.72453499 -5.00564e-17
8999.9999702 1.52585e-17
