3400.0 -1.0647e-18
3401.534478 2.8017e-17
3403.068956 4.2918e-17
3404.603434 3.3094e-17
3406.137912 8.7194e-19
3407.67239 -1.2644e-19
3409.206868 3.9306e-17
3410.741346 4.1955e-17
3412.275824 3.0507e-17
3413.810302 2.7755e-17
3415.34478 4.8564e-17
3416.879258 2.897e-17
3418.413736 1.9483e-17
3419.948214 1.0109e-17
3421.482692 3.156e-17
3423.01717 5.6477e-17
3424.551648 1.0903e-16
3426.086126 6.4732e-17
3427.620604 9.8953e-17
3429.155082 9.6794e-17
3430.68956 7.2296e-17
3432.224038 7.6406e-17
3433.758516 7.2115e-18
3435.292994 2.2764e-17
3436.827472 2.8645e-17
3438.36195 2.8928e-17
3439.896428 4.3208e-17
3441.430906 1.6258e-17
3442.965384 -1.0694e-17
3444.499862 -7.7665e-19
3446.03434 3.0104e-17
3447.568818 5.6413e-17
3449.103296 4.4139e-17
3450.637774 2.4261e-17
3452.172252 1.0132e-17
3453.70673 1.6562e-17
3455.241208 5.0402e-17
3456.775686 1.2588e-17
3458.310164 3.131e-17
3459.844642 1.2172e-17
3461.37912 1.701e-17
3462.913598 3.5929e-17
3464.448076 1.806e-17
3465.982554 2.0778e-17
3467.517032 3.874e-17
3469.05151 1.9578e-17
3470.585988 6.0809e-19
3472.120466 -1.1506e-17
3473.654944 2.9322e-17
3475.189422 4.2175e-17
3476.7239 1.006e-17
3478.258378 1.8093e-17
3479.792856 1.6498e-17
3481.327334 -3.9013e-18
3482.861812 1.6202e-17
3484.39629 5.0836e-17
3485.930768 -4.6814e-18
3487.465246 -4.7119e-18
3488.999724 5.6582e-17
3490.534202 3.3772e-17
3492.06868 5.0178e-17
3493.603158 4.3483e-17
3495.137636 2.3545e-17
3496.672114 5.6975e-17
3498.206592 8.9817e-17
3499.74107 1.7921e-17
3501.275548 1.4442e-17
3502.810026 -5.6752e-18
3504.344504 1.0451e-17
3505.878982 -6.7535e-18
3507.41346 2.7654e-17
3508.947938 2.6705e-17
3510.482416 5.0843e-17
3512.016894 4.1223e-17
3513.551372 2.4952e-17
3515.08585 5.1541e-18
3516.620328 1.603e-17
3518.154806 6.021e-18
3519.689284 3.5729e-17
3521.223762 3.3881e-17
3522.75824 4.3682e-17
3524.292718 4.148e-17
3525.827196 3.4373e-17
3527.361674 5.49e-17
3528.896152 2.209e-17
3530.43063 1.7644e-17
3531.965108 3.3358e-17
3533.499586 9.5575e-18
3535.034064 2.1857e-17
3536.568542 2.7191e-17
3538.10302 2.6725e-17
3539.637498 1.321e-17
3541.171976 3.4088e-17
3542.706454 3.1577e-17
3544.240932 2.0223e-17
3545.77541 2.247e-17
3547.309888 5.5763e-17
3548.844366 2.8791e-17
3550.378844 3.0515e-17
3551.913322 6.214e-17
3553.4478 3.5552e-17
3554.982278 3.3131e-17
3556.516756 4.9766e-17
3558.051234 3.7734e-17
3559.585712 4.3087e-17
3561.12019 5.3281e-17
3562.654668 4.0392e-17
3564.189146 2.1116e-17
3565.723624 4.9204e-17
3567.258102 2.6581e-17
3568.79258 6.3051e-18
3570.327058 2.6337e-17
3571.861536 3.2157e-17
3573.396014 3.807e-17
3574.930492 3.5797e-17
3576.46497 2.9173e-17
3577.999448 4.052e-17
3579.533926 2.5282e-17
3581.068404 2.5142e-18
3582.602882 3.5748e-17
3584.13736 4.5804e-17
3585.671838 3.9477e-17
3587.206316 5.4069e-17
3588.740794 4.7984e-17
3590.275272 2.8297e-17
3591.80975 2.8137e-17
3593.344228 4.1452e-17
3594.878706 4.1343e-17
3596.413184 3.3841e-17
3597.947662 4.125e-17
3599.48214 4.5708e-17
3601.016618 3.4623e-17
3602.551096 3.7156e-17
3604.085574 3.7184e-17
3605.620052 3.8617e-17
3607.15453 3.4124e-17
3608.689008 1.2811e-17
3610.223486 2.7447e-17
3611.757964 3.3523e-17
3613.292442 4.2892e-17
3614.82692 3.9503e-17
3616.361398 4.1083e-17
3617.895876 4.8113e-17
3619.430354 4.3572e-17
3620.964832 5.5219e-17
3622.49931 5.5652e-17
3624.033788 2.8651e-17
3625.568266 3.4039e-17
3627.102744 3.2748e-17
3628.637222 3.3515e-17
3630.1717 5.7616e-17
3631.706178 6.4127e-17
3633.240656 5.7257e-17
3634.775134 2.6787e-17
3636.309612 2.9241e-17
3637.84409 4.4215e-17
3639.378568 3.7799e-17
3640.913046 5.5642e-17
3642.447524 3.9359e-17
3643.982002 2.5969e-17
3645.51648 2.7877e-17
3647.050958 1.8109e-17
3648.585436 4.3874e-17
3650.119914 4.9249e-17
3651.654392 6.6101e-17
3653.18887 2.0095e-17
3654.723348 1.783e-17
3656.257826 4.8664e-17
3657.792304 3.4708e-17
3659.326782 2.2689e-17
3660.86126 3.74e-17
3662.395738 4.1432e-17
3663.930216 4.6342e-17
3665.464694 3.0722e-17
3666.999172 4.2075e-17
3668.53365 4.9209e-17
3670.068128 4.7914e-17
3671.602606 3.9363e-17
3673.137084 3.2867e-17
3674.671562 3.5518e-17
3676.20604 2.5321e-17
3677.740518 2.4041e-17
3679.274996 2.0566e-17
3680.809474 2.0085e-17
3682.343952 2.2224e-17
3683.87843 3.4549e-17
3685.412908 2.6468e-17
3686.947386 2.5637e-17
3688.481864 2.0658e-17
3690.016342 2.0042e-17
3691.55082 2.863e-17
3693.085298 3.0294e-17
3694.619776 4.4157e-17
3696.154254 3.9694e-17
3697.688732 4.5169e-17
3699.22321 2.4471e-17
3700.757688 2.5604e-17
3702.292166 2.6902e-17
3703.826644 4.7067e-17
3705.361122 4.1733e-17
3706.8956 1.9296e-17
3708.430078 3.7923e-17
3709.964556 3.7431e-17
3711.499034 4.5873e-17
3713.033512 4.6895e-17
3714.56799 4.338e-17
3716.102468 4.9548e-17
3717.636946 3.8784e-17
3719.171424 3.7152e-17
3720.705902 4.9272e-17
3722.24038 3.3888e-17
3723.774858 2.2704e-17
3725.309336 3.7673e-17
3726.843814 6.5522e-17
3728.378292 4.2191e-17
3729.91277 4.5566e-17
3731.447248 5.22e-17
3732.981726 3.7677e-17
3734.516204 3.8144e-17
3736.050682 4.2866e-17
3737.58516 3.7919e-17
3739.119638 3.8456e-17
3740.654116 2.5926e-17
3742.188594 4.5267e-17
3743.723072 5.1858e-17
3745.25755 3.5958e-17
3746.792028 2.2829e-17
3748.326506 2.356e-17
3749.860984 3.7628e-17
3751.395462 3.4999e-17
3752.92994 2.662e-17
3754.464418 3.2743e-17
3755.998896 4.0089e-17
3757.533374 3.4793e-17
3759.067852 3.6721e-17
3760.60233 4.4893e-17
3762.136808 3.7195e-17
3763.671286 4.982e-17
3765.205764 4.8449e-17
3766.740242 4.4215e-17
3768.27472 3.887e-17
3769.809198 2.5412e-17
3771.343676 4.6443e-17
3772.878154 4.5002e-17
3774.412632 3.7311e-17
3775.94711 2.2408e-17
3777.481588 4.1855e-17
3779.016066 3.3238e-17
3780.550544 3.1894e-17
3782.085022 4.1166e-17
3783.6195 3.8344e-17
3785.153978 3.0651e-17
3786.688456 3.8639e-17
3788.222934 4.6453e-17
3789.757412 3.5817e-17
3791.29189 2.4873e-17
3792.826368 4.3427e-17
3794.360846 4.2153e-17
3795.895324 2.2878e-17
3797.429802 3.0369e-17
3798.96428 2.846e-17
3800.498758 3.144e-17
3802.033236 4.4231e-17
3803.567714 3.1889e-17
3805.102192 2.5419e-17
3806.63667 3.4177e-17
3808.171148 3.3955e-17
3809.705626 2.5887e-17
3811.240104 3.3602e-17
3812.774582 3.3553e-17
3814.30906 2.4949e-17
3815.843538 3.4511e-17
3817.378016 3.0902e-17
3818.912494 2.4502e-17
3820.446972 3.0954e-17
3821.98145 3.825e-17
3823.515928 2.9373e-17
3825.050406 1.2029e-17
3826.584884 3.3553e-17
3828.119362 5.7685e-17
3829.65384 5.3018e-17
3831.188318 3.4274e-17
3832.722796 5.0373e-17
3834.257274 5.7036e-17
3835.791752 4.8668e-17
3837.32623 3.159e-17
3838.860708 4.1366e-17
3840.395186 4.4276e-17
3841.929664 5.1374e-17
3843.464142 4.3624e-17
3844.99862 4.518e-17
3846.533098 4.2502e-17
3848.067576 2.6094e-17
3849.602054 2.0917e-17
3851.136532 3.776e-17
3852.67101 5.5146e-17
3854.205488 4.9993e-17
3855.739966 3.7836e-17
3857.274444 2.7841e-17
3858.808922 4.3684e-17
3860.3434 2.455e-17
3861.877878 3.6271e-17
3863.412356 3.8601e-17
3864.946834 3.8328e-17
3866.481312 2.7397e-17
3868.01579 3.6559e-17
3869.550268 2.6319e-17
3871.084746 3.9005e-17
3872.619224 3.5495e-17
3874.153702 3.3392e-17
3875.68818 3.2165e-17
3877.222658 2.2748e-17
3878.757136 2.7463e-17
3880.291614 3.6113e-17
3881.826092 4.2224e-17
3883.36057 3.1892e-17
3884.895048 3.1968e-17
3886.429526 3.0149e-17
3887.964004 3.5904e-17
3889.498482 3.9191e-17
3891.03296 2.7501e-17
3892.567438 3.1683e-17
3894.101916 3.2445e-17
3895.636394 3.7426e-17
3897.170872 2.7887e-17
3898.70535 2.612e-17
3900.239828 2.21e-17
3901.774306 2.6591e-17
3903.308784 4.034e-17
3904.843262 2.8839e-17
3906.37774 2.3463e-17
3907.912218 2.6764e-17
3909.446696 2.2394e-17
3910.981174 2.6395e-17
3912.515652 3.9226e-17
3914.05013 2.9039e-17
3915.584608 1.2911e-17
3917.119086 2.6136e-17
3918.653564 2.7901e-17
3920.188042 3.3024e-17
3921.72252 4.6254e-17
3923.256998 4.8874e-17
3924.791476 4.5171e-17
3926.325954 4.0139e-17
3927.860432 3.2358e-17
3929.39491 3.9468e-17
3930.929388 2.4185e-17
3932.463866 2.4777e-17
3933.998344 2.3187e-17
3935.532822 2.7141e-17
3937.0673 2.2476e-17
3938.601778 2.4975e-17
3940.136256 2.6511e-17
3941.670734 2.4962e-17
3943.205212 1.9687e-17
3944.73969 3.5951e-17
3946.274168 3.4078e-17
3947.808646 2.7573e-17
3949.343124 2.3674e-17
3950.877602 2.1762e-17
3952.41208 2.7272e-17
3953.946558 3.2534e-17
3955.481036 2.7731e-17
3957.015514 2.6951e-17
3958.549992 2.2971e-17
3960.08447 2.1385e-17
3961.618948 3.0519e-17
3963.153426 1.8498e-17
3964.687904 2.6805e-17
3966.222382 2.8211e-17
3967.75686 3.0752e-17
3969.291338 2.1726e-17
3970.825816 2.1425e-17
3972.360294 2.9718e-17
3973.894772 2.378e-17
3975.42925 2.044e-17
3976.963728 2.3442e-17
3978.498206 1.9045e-17
3980.032684 2.313e-17
3981.567162 2.337e-17
3983.10164 2.0888e-17
3984.636118 1.8609e-17
3986.170596 2.259e-17
3987.705074 2.6728e-17
3989.239552 2.0894e-17
3990.77403 8.9903e-18
3992.308508 1.6084e-17
3993.842986 2.2488e-17
3995.377464 2.6177e-17
3996.911942 2.3747e-17
3998.44642 3.4015e-17
3999.980898 2.8795e-17
4001.515376 2.6708e-17
4003.049854 4.1529e-17
4004.584332 3.4986e-17
4006.11881 3.0891e-17
4007.653288 2.7778e-17
4009.187766 2.3966e-17
4010.722244 3.6677e-17
4012.256722 2.5906e-17
4013.7912 4.1082e-17
4015.325678 3.9009e-17
4016.860156 3.2999e-17
4018.394634 3.3973e-17
4019.929112 2.7742e-17
4021.46359 2.8193e-17
4022.998068 2.8386e-17
4024.532546 3.2798e-17
4026.067024 3.2823e-17
4027.601502 4.4007e-17
4029.13598 3.5751e-17
4030.670458 2.941e-17
4032.204936 3.1023e-17
4033.739414 2.4348e-17
4035.273892 2.0377e-17
4036.80837 3.5193e-17
4038.342848 4.3362e-17
4039.877326 2.9779e-17
4041.411804 2.5357e-17
4042.946282 3.0308e-17
4044.48076 3.4639e-17
4046.015238 3.4686e-17
4047.549716 6.0436e-17
4049.084194 5.247e-17
4050.618672 3.1219e-17
4052.15315 2.139e-17
4053.687628 4.456e-17
4055.222106 4.3285e-17
4056.756584 2.1361e-17
4058.291062 3.1728e-17
4059.82554 2.7516e-17
4061.360018 2.7669e-17
4062.894496 4.2389e-17
4064.428974 4.4471e-17
4065.963452 4.2738e-17
4067.49793 3.622e-17
4069.032408 3.5414e-17
4070.566886 4.0554e-17
4072.101364 4.9926e-17
4073.635842 4.2049e-17
4075.17032 2.8532e-17
4076.704798 4.3092e-17
4078.239276 5.0396e-17
4079.773754 4.4415e-17
4081.308232 5.0187e-17
4082.84271 4.7231e-17
4084.377188 3.6048e-17
4085.911666 3.2516e-17
4087.446144 3.8613e-17
4088.980622 3.8161e-17
4090.5151 4.5186e-17
4092.049578 3.7755e-17
4093.584056 3.5142e-17
4095.118534 3.2346e-17
4096.653012 2.8396e-17
4098.18749 3.5164e-17
4099.721968 3.6363e-17
4101.256446 3.396e-17
4102.790924 2.3215e-17
4104.325402 3.2012e-17
4105.85988 4.0633e-17
4107.394358 4.057e-17
4108.928836 3.448e-17
4110.463314 4.0251e-17
4111.997792 5.0955e-17
4113.53227 4.2991e-17
4115.066748 4.5125e-17
4116.601226 4.6128e-17
4118.135704 4.2139e-17
4119.670182 4.8648e-17
4121.20466 4.3544e-17
4122.739138 3.2974e-17
4124.273616 4.8158e-17
4125.808094 4.6108e-17
4127.342572 4.2032e-17
4128.87705 3.3272e-17
4130.411528 4.5106e-17
4131.946006 3.9589e-17
4133.480484 3.8331e-17
4135.014962 3.3696e-17
4136.54944 3.8572e-17
4138.083918 3.4885e-17
4139.618396 2.681e-17
4141.152874 3.6528e-17
4142.687352 2.7181e-17
4144.22183 2.4863e-17
4145.756308 4.4527e-17
4147.290786 4.1569e-17
4148.825264 4.391e-17
4150.359742 3.098e-17
4151.89422 3.1913e-17
4153.428698 3.5481e-17
4154.963176 3.778e-17
4156.497654 3.9769e-17
4158.032132 5.3635e-17
4159.56661 4.36e-17
4161.101088 4.617e-17
4162.635566 3.8752e-17
4164.170044 4.4144e-17
4165.704522 5.2183e-17
4167.239 5.7434e-17
4168.773478 3.8565e-17
4170.307956 2.9611e-17
4171.842434 3.905e-17
4173.376912 3.559e-17
4174.91139 3.9791e-17
4176.445868 3.2053e-17
4177.980346 3.2286e-17
4179.514824 3.7712e-17
4181.049302 4.8247e-17
4182.58378 4.1406e-17
4184.118258 3.9446e-17
4185.652736 4.3454e-17
4187.187214 4.1178e-17
4188.721692 3.529e-17
4190.25617 4.3484e-17
4191.790648 4.7676e-17
4193.325126 3.8854e-17
4194.859604 3.9957e-17
4196.394082 3.7067e-17
4197.92856 4.0109e-17
4199.463038 4.8994e-17
4200.997516 4.4691e-17
4202.531994 3.9925e-17
4204.066472 4.2131e-17
4205.60095 4.1546e-17
4207.135428 3.8484e-17
4208.669906 2.4283e-17
4210.204384 3.8632e-17
4211.738862 5.0271e-17
4213.27334 3.8115e-17
4214.807818 3.4165e-17
4216.342296 4.1784e-17
4217.876774 3.9639e-17
4219.411252 3.6421e-17
4220.94573 3.2566e-17
4222.480208 3.7496e-17
4224.014686 4.4637e-17
4225.549164 4.2307e-17
4227.083642 5.0735e-17
4228.61812 4.8942e-17
4230.152598 4.0523e-17
4231.687076 4.1307e-17
4233.221554 4.5626e-17
4234.756032 4.6468e-17
4236.29051 3.8274e-17
4237.824988 3.6837e-17
4239.359466 4.347e-17
4240.893944 3.9441e-17
4242.428422 3.493e-17
4243.9629 3.5633e-17
4245.497378 3.9948e-17
4247.031856 3.8709e-17
4248.566334 3.8506e-17
4250.100812 3.413e-17
4251.63529 3.8061e-17
4253.169768 3.7126e-17
4254.704246 4.1585e-17
4256.238724 3.1727e-17
4257.773202 3.5321e-17
4259.30768 4.5057e-17
4260.842158 5.4364e-17
4262.376636 5.0209e-17
4263.911114 4.908e-17
4265.445592 4.8266e-17
4266.98007 3.4338e-17
4268.514548 3.9222e-17
4270.049026 4.7497e-17
4271.583504 4.2288e-17
4273.117982 4.1839e-17
4274.65246 3.4137e-17
4276.186938 3.5746e-17
4277.721416 3.4936e-17
4279.255894 3.9237e-17
4280.790372 3.6005e-17
4282.32485 3.46e-17
4283.859328 4.3972e-17
4285.393806 4.6707e-17
4286.928284 4.3315e-17
4288.462762 4.2815e-17
4289.99724 5.0464e-17
4291.531718 5.0302e-17
4293.066196 3.6723e-17
4294.600674 4.1907e-17
4296.135152 3.8103e-17
4297.66963 3.4683e-17
4299.204108 3.5548e-17
4300.738586 3.1691e-17
4302.273064 3.7969e-17
4303.807542 3.8856e-17
4305.34202 3.5895e-17
4306.876498 3.7155e-17
4308.410976 3.2899e-17
4309.945454 4.3092e-17
4311.479932 4.8561e-17
4313.01441 3.4675e-17
4314.548888 3.2832e-17
4316.083366 3.7827e-17
4317.617844 4.7543e-17
4319.152322 5.369e-17
4320.6868 4.0412e-17
4322.221278 2.8997e-17
4323.755756 4.4467e-17
4325.290234 4.4438e-17
4326.824712 4.028e-17
4328.35919 3.9876e-17
4329.893668 3.9405e-17
4331.428146 3.9568e-17
4332.962624 3.6489e-17
4334.497102 2.9415e-17
4336.03158 2.764e-17
4337.566058 4.2474e-17
4339.100536 3.2956e-17
4340.635014 3.302e-17
4342.169492 3.3541e-17
4343.70397 4.6899e-17
4345.238448 3.3612e-17
4346.772926 3.9269e-17
4348.307404 5.0482e-17
4349.841882 3.9709e-17
4351.37636 4.0133e-17
4352.910838 4.4088e-17
4354.445316 4.2588e-17
4355.979794 3.4752e-17
4357.514272 4.6091e-17
4359.04875 5.8329e-17
4360.583228 6.4488e-17
4362.117706 3.3026e-17
4363.652184 2.0965e-17
4365.186662 3.3549e-17
4366.72114 4.5397e-17
4368.255618 4.2314e-17
4369.790096 3.9901e-17
4371.324574 4.4614e-17
4372.859052 3.3352e-17
4374.39353 2.6442e-17
4375.928008 3.3597e-17
4377.462486 3.7894e-17
4378.996964 3.1599e-17
4380.531442 3.7658e-17
4382.06592 4.9904e-17
4383.600398 3.8712e-17
4385.134876 3.7042e-17
4386.669354 3.3721e-17
4388.203832 3.0712e-17
4389.73831 4.524e-17
4391.272788 3.91e-17
4392.807266 5.2075e-17
4394.341744 3.4966e-17
4395.876222 3.9117e-17
4397.4107 3.9006e-17
4398.945178 4.2214e-17
4400.479656 3.2857e-17
4402.014134 2.8104e-17
4403.548612 4.3581e-17
4405.08309 3.987e-17
4406.617568 3.2384e-17
4408.152046 3.6101e-17
4409.686524 3.6253e-17
4411.221002 3.6081e-17
4412.75548 2.8627e-17
4414.289958 2.6341e-17
4415.824436 3.5878e-17
4417.358914 5.2002e-17
4418.893392 3.4535e-17
4420.42787 2.9257e-17
4421.962348 3.3926e-17
4423.496826 3.492e-17
4425.031304 3.3591e-17
4426.565782 2.7081e-17
4428.10026 3.4893e-17
4429.634738 3.1908e-17
4431.169216 3.4595e-17
4432.703694 3.7685e-17
4434.238172 3.4503e-17
4435.77265 3.9459e-17
4437.307128 3.4315e-17
4438.841606 2.7604e-17
4440.376084 3.9481e-17
4441.910562 3.768e-17
4443.44504 4.5089e-17
4444.979518 3.7287e-17
4446.513996 4.257e-17
4448.048474 3.2997e-17
4449.582952 2.7546e-17
4451.11743 2.882e-17
4452.651908 2.6321e-17
4454.186386 2.1213e-17
4455.720864 3.4195e-17
4457.255342 4.8041e-17
4458.78982 4.7843e-17
4460.324298 4.228e-17
4461.858776 3.9407e-17
4463.393254 3.6393e-17
4464.927732 3.3156e-17
4466.46221 3.3544e-17
4467.996688 3.6494e-17
4469.531166 3.9125e-17
4471.065644 3.8316e-17
4472.600122 3.5746e-17
4474.1346 4.1202e-17
4475.669078 3.874e-17
4477.203556 3.6244e-17
4478.738034 3.148e-17
4480.272512 4.478e-17
4481.80699 3.8742e-17
4483.341468 3.8094e-17
4484.875946 4.4811e-17
4486.410424 4.5426e-17
4487.944902 4.062e-17
4489.47938 3.7987e-17
4491.013858 3.195e-17
4492.548336 4.6394e-17
4494.082814 4.6352e-17
4495.617292 4.6829e-17
4497.15177 4.5288e-17
4498.686248 3.7205e-17
4500.220726 3.116e-17
4501.755204 3.9644e-17
4503.289682 3.9878e-17
4504.82416 4.1288e-17
4506.358638 2.9376e-17
4507.893116 3.5174e-17
4509.427594 4.1448e-17
4510.962072 4.0025e-17
4512.49655 3.5874e-17
4514.031028 3.3163e-17
4515.565506 4.4425e-17
4517.099984 4.7822e-17
4518.634462 4.1931e-17
4520.16894 3.998e-17
4521.703418 3.9971e-17
4523.237896 3.81e-17
4524.772374 3.5202e-17
4526.306852 3.5428e-17
4527.84133 4.556e-17
4529.375808 4.428e-17
4530.910286 3.806e-17
4532.444764 4.4745e-17
4533.979242 3.6899e-17
4535.51372 3.4052e-17
4537.048198 4.4608e-17
4538.582676 3.3231e-17
4540.117154 3.2314e-17
4541.651632 3.8941e-17
4543.18611 3.7469e-17
4544.720588 3.2068e-17
4546.255066 3.6034e-17
4547.789544 5.6448e-17
4549.324022 5.3157e-17
4550.8585 4.0869e-17
4552.392978 2.9283e-17
4553.927456 3.6897e-17
4555.461934 4.2872e-17
4556.996412 2.7586e-17
4558.53089 1.9735e-17
4560.065368 3.1188e-17
4561.599846 2.6412e-17
4563.134324 4.3563e-17
4564.668802 3.9101e-17
4566.20328 3.5115e-17
4567.737758 2.9703e-17
4569.272236 2.522e-17
4570.806714 2.8785e-17
4572.341192 3.6469e-17
4573.87567 4.09e-17
4575.410148 2.2438e-17
4576.944626 2.3256e-17
4578.479104 3.5218e-17
4580.013582 3.921e-17
4581.54806 4.4316e-17
4583.082538 3.6956e-17
4584.617016 3.4938e-17
4586.151494 3.5581e-17
4587.685972 4.1786e-17
4589.22045 2.8156e-17
4590.754928 2.9131e-17
4592.289406 2.9723e-17
4593.823884 3.6398e-17
4595.358362 4.7445e-17
4596.89284 4.1353e-17
4598.427318 3.59e-17
4599.961796 3.4187e-17
4601.496274 4.9195e-17
4603.030752 5.0564e-17
4604.56523 4.0606e-17
4606.099708 4.0887e-17
4607.634186 3.7474e-17
4609.168664 3.3713e-17
4610.703142 3.4042e-17
4612.23762 3.4308e-17
4613.772098 3.7098e-17
4615.306576 3.0381e-17
4616.841054 3.4435e-17
4618.375532 3.1851e-17
4619.91001 2.1334e-17
4621.444488 2.6416e-17
4622.978966 3.1199e-17
4624.513444 2.7665e-17
4626.047922 3.1534e-17
4627.5824 3.6802e-17
4629.116878 4.6691e-17
4630.651356 3.8989e-17
4632.185834 4.0858e-17
4633.720312 4.0014e-17
4635.25479 3.6054e-17
4636.789268 3.3913e-17
4638.323746 2.9229e-17
4639.858224 3.5934e-17
4641.392702 3.7795e-17
4642.92718 4.0688e-17
4644.461658 3.6004e-17
4645.996136 3.7872e-17
4647.530614 4.0254e-17
4649.065092 3.6907e-17
4650.59957 4.0363e-17
4652.134048 4.4602e-17
4653.668526 3.3143e-17
4655.203004 4.0821e-17
4656.737482 4.1497e-17
4658.27196 4.4286e-17
4659.806438 4.7837e-17
4661.340916 4.5498e-17
4662.875394 3.7417e-17
4664.409872 2.8467e-17
4665.94435 3.543e-17
4667.478828 4.0194e-17
4669.013306 4.2922e-17
4670.547784 3.3367e-17
4672.082262 3.2049e-17
4673.61674 3.7595e-17
4675.151218 4.5183e-17
4676.685696 3.9993e-17
4678.220174 3.4535e-17
4679.754652 3.532e-17
4681.28913 3.219e-17
4682.823608 4.0597e-17
4684.358086 3.6526e-17
4685.892564 3.461e-17
4687.427042 3.5802e-17
4688.96152 3.0873e-17
4690.495998 3.8768e-17
4692.030476 5.0715e-17
4693.564954 4.5377e-17
4695.099432 3.6746e-17
4696.63391 3.6596e-17
4698.168388 4.1883e-17
4699.702866 3.7128e-17
4701.237344 2.9973e-17
4702.771822 3.7621e-17
4704.3063 3.7507e-17
4705.840778 3.3816e-17
4707.375256 3.7509e-17
4708.909734 3.715e-17
4710.444212 4.0075e-17
4711.97869 4.1936e-17
4713.513168 3.9105e-17
4715.047646 4.698e-17
4716.582124 4.6093e-17
4718.116602 3.9909e-17
4719.65108 3.8058e-17
4721.185558 3.9636e-17
4722.720036 2.6998e-17
4724.254514 3.4e-17
4725.788992 3.8891e-17
4727.32347 3.1239e-17
4728.857948 2.7528e-17
4730.392426 3.9762e-17
4731.926904 4.8159e-17
4733.461382 4.6718e-17
4734.99586 5.1023e-17
4736.530338 4.3067e-17
4738.064816 3.7747e-17
4739.599294 3.5228e-17
4741.133772 4.2728e-17
4742.66825 4.383e-17
4744.202728 4.3106e-17
4745.737206 4.8858e-17
4747.271684 4.7529e-17
4748.806162 4.2831e-17
4750.34064 3.8404e-17
4751.875118 3.7432e-17
4753.409596 3.4752e-17
4754.944074 3.4841e-17
4756.478552 4.2126e-17
4758.01303 4.1731e-17
4759.547508 3.7953e-17
4761.081986 3.8662e-17
4762.616464 4.3584e-17
4764.150942 3.4094e-17
4765.68542 3.999e-17
4767.219898 4.4894e-17
4768.754376 3.8451e-17
4770.288854 3.9265e-17
4771.823332 4.728e-17
4773.35781 4.398e-17
4774.892288 4.9884e-17
4776.426766 3.7043e-17
4777.961244 4.0599e-17
4779.495722 4.2435e-17
4781.0302 3.7407e-17
4782.564678 4.218e-17
4784.099156 3.4787e-17
4785.633634 4.1292e-17
4787.168112 4.9589e-17
4788.70259 4.523e-17
4790.237068 3.1398e-17
4791.771546 4.4433e-17
4793.306024 4.8397e-17
4794.840502 3.9722e-17
4796.37498 4.6845e-17
4797.909458 4.8877e-17
4799.443936 4.0139e-17
4800.978414 4.5361e-17
4802.512892 4.3228e-17
4804.04737 3.895e-17
4805.581848 4.2159e-17
4807.116326 4.6618e-17
4808.650804 3.9674e-17
4810.185282 3.2678e-17
4811.71976 4.4381e-17
4813.254238 4.5803e-17
4814.788716 4.3375e-17
4816.323194 5.1565e-17
4817.857672 4.3774e-17
4819.39215 4.7489e-17
4820.926628 4.926e-17
4822.461106 4.3211e-17
4823.995584 4.3457e-17
4825.530062 4.3843e-17
4827.06454 3.8512e-17
4828.599018 3.4225e-17
4830.133496 3.7248e-17
4831.667974 4.6568e-17
4833.202452 4.6909e-17
4834.73693 4.2177e-17
4836.271408 3.5122e-17
4837.805886 4.1628e-17
4839.340364 4.0177e-17
4840.874842 4.3096e-17
4842.40932 4.6535e-17
4843.943798 4.2696e-17
4845.478276 3.6091e-17
4847.012754 3.1091e-17
4848.547232 3.2223e-17
4850.08171 4.4784e-17
4851.616188 4.1944e-17
4853.150666 3.626e-17
4854.685144 4.665e-17
4856.219622 4.161e-17
4857.7541 2.9883e-17
4859.288578 3.1093e-17
4860.823056 3.3765e-17
4862.357534 3.2271e-17
4863.892012 4.1373e-17
4865.42649 3.7282e-17
4866.960968 3.0233e-17
4868.495446 3.0732e-17
4870.029924 4.2652e-17
4871.564402 3.8414e-17
4873.09888 3.7537e-17
4874.633358 3.8668e-17
4876.167836 3.6324e-17
4877.702314 3.7545e-17
4879.236792 3.6417e-17
4880.77127 3.2293e-17
4882.305748 3.1407e-17
4883.840226 3.935e-17
4885.374704 3.1034e-17
4886.909182 2.5976e-17
4888.44366 3.1785e-17
4889.978138 3.0788e-17
4891.512616 3.4412e-17
4893.047094 3.2056e-17
4894.581572 2.9376e-17
4896.11605 2.996e-17
4897.650528 2.7324e-17
4899.185006 3.0786e-17
4900.719484 2.602e-17
4902.253962 2.428e-17
4903.78844 3.4376e-17
4905.322918 3.1985e-17
4906.857396 2.7408e-17
4908.391874 2.6702e-17
4909.926352 3.241e-17
4911.46083 3.0217e-17
4912.995308 3.0059e-17
4914.529786 3.0222e-17
4916.064264 2.7877e-17
4917.598742 2.7776e-17
4919.13322 2.7509e-17
4920.667698 2.0704e-17
4922.202176 2.5702e-17
4923.736654 2.699e-17
4925.271132 2.3624e-17
4926.80561 2.5685e-17
4928.340088 2.0434e-17
4929.874566 2.2072e-17
4931.409044 2.2324e-17
4932.943522 2.7028e-17
4934.478 2.5428e-17
4936.012478 1.675e-17
4937.546956 1.9241e-17
4939.081434 2.5806e-17
4940.615912 2.4158e-17
4942.15039 2.7418e-17
4943.684868 3.5697e-17
4945.219346 3.8192e-17
4946.753824 3.4821e-17
4948.288302 3.982e-17
4949.82278 3.1615e-17
4951.357258 3.6526e-17
4952.891736 3.9219e-17
4954.426214 2.6359e-17
4955.960692 2.2066e-17
4957.49517 3.0267e-17
4959.029648 3.6612e-17
4960.564126 4.4106e-17
4962.098604 4.2153e-17
4963.633082 3.1725e-17
4965.16756 3.3869e-17
4966.702038 4.2221e-17
4968.236516 2.9079e-17
4969.770994 2.8234e-17
4971.305472 3.3092e-17
4972.83995 2.9051e-17
4974.374428 3.0187e-17
4975.908906 3.4264e-17
4977.443384 3.2864e-17
4978.977862 2.8787e-17
4980.51234 2.842e-17
4982.046818 2.2886e-17
4983.581296 3.0649e-17
4985.115774 3.7095e-17
4986.650252 3.1495e-17
4988.18473 3.363e-17
4989.719208 3.9232e-17
4991.253686 3.6096e-17
4992.788164 3.6336e-17
4994.322642 4.1149e-17
4995.85712 3.7826e-17
4997.391598 2.9377e-17
4998.926076 2.472e-17
5000.460554 3.0341e-17
5001.995032 2.5605e-17
5003.52951 3.329e-17
5005.063988 3.1538e-17
5006.598466 4.2526e-17
5008.132944 4.0254e-17
5009.667422 3.3028e-17
5011.2019 4.0106e-17
5012.736378 4.0439e-17
5014.270856 3.6232e-17
5015.805334 3.6452e-17
5017.339812 4.2264e-17
5018.87429 3.9986e-17
5020.408768 5.3664e-17
5021.943246 5.7107e-17
5023.477724 4.247e-17
5025.012202 3.5151e-17
5026.54668 3.1568e-17
5028.081158 3.1773e-17
5029.615636 3.5868e-17
5031.150114 2.9791e-17
5032.684592 2.9025e-17
5034.21907 2.963e-17
5035.753548 3.1917e-17
5037.288026 4.1227e-17
5038.822504 3.935e-17
5040.356982 2.9112e-17
5041.89146 2.8791e-17
5043.425938 4.4173e-17
5044.960416 4.2256e-17
5046.494894 4.0895e-17
5048.029372 3.5019e-17
5049.56385 2.9511e-17
5051.098328 3.5669e-17
5052.632806 3.8706e-17
5054.167284 4.1789e-17
5055.701762 3.8527e-17
5057.23624 3.6926e-17
5058.770718 3.8517e-17
5060.305196 3.5831e-17
5061.839674 3.8384e-17
5063.374152 4.1011e-17
5064.90863 4.1196e-17
5066.443108 4.1591e-17
5067.977586 3.6169e-17
5069.512064 3.8637e-17
5071.046542 2.9741e-17
5072.58102 2.9723e-17
5074.115498 2.9975e-17
5075.649976 2.7519e-17
5077.184454 3.3435e-17
5078.718932 4.6424e-17
5080.25341 4.5463e-17
5081.787888 5.1244e-17
5083.322366 4.1446e-17
5084.856844 4.0714e-17
5086.391322 2.8956e-17
5087.9258 3.6547e-17
5089.460278 3.5451e-17
5090.994756 2.9086e-17
5092.529234 4.0002e-17
5094.063712 4.154e-17
5095.59819 3.2586e-17
5097.132668 3.3742e-17
5098.667146 3.2137e-17
5100.201624 3.7443e-17
5101.736102 3.7869e-17
5103.27058 3.5835e-17
5104.805058 3.5583e-17
5106.339536 3.121e-17
5107.874014 3.598e-17
5109.408492 3.5395e-17
5110.94297 2.9759e-17
5112.477448 3.5267e-17
5114.011926 3.4226e-17
5115.546404 3.9308e-17
5117.080882 4.6631e-17
5118.61536 3.5771e-17
5120.149838 3.0766e-17
5121.684316 4.1478e-17
5123.218794 5.1481e-17
5124.753272 4.0687e-17
5126.28775 4.1032e-17
5127.822228 3.9417e-17
5129.356706 3.5277e-17
5130.891184 4.0428e-17
5132.425662 3.9384e-17
5133.96014 3.4859e-17
5135.494618 3.9856e-17
5137.029096 5.338e-17
5138.563574 4.3345e-17
5140.098052 3.7719e-17
5141.63253 4.4077e-17
5143.167008 4.5368e-17
5144.701486 3.4612e-17
5146.235964 3.383e-17
5147.770442 4.2321e-17
5149.30492 4.9288e-17
5150.839398 3.9465e-17
5152.373876 3.6641e-17
5153.908354 2.9983e-17
5155.442832 4.1947e-17
5156.97731 4.2906e-17
5158.511788 4.0331e-17
5160.046266 4.0526e-17
5161.580744 3.8188e-17
5163.115222 3.7379e-17
5164.6497 4.4404e-17
5166.184178 4.634e-17
5167.718656 4.2573e-17
5169.253134 4.4828e-17
5170.787612 5.2423e-17
5172.32209 4.3314e-17
5173.856568 3.0188e-17
5175.391046 3.7662e-17
5176.925524 4.374e-17
5178.460002 4.9775e-17
5179.99448 5.0894e-17
5181.528958 3.5437e-17
5183.063436 3.8291e-17
5184.597914 4.3045e-17
5186.132392 4.0294e-17
5187.66687 3.8161e-17
5189.201348 4.1621e-17
5190.735826 4.6241e-17
5192.270304 4.2781e-17
5193.804782 4.1381e-17
5195.33926 4.2694e-17
5196.873738 4.0152e-17
5198.408216 4.0394e-17
5199.942694 3.7156e-17
5201.477172 3.5879e-17
5203.01165 4.2456e-17
5204.546128 4.0297e-17
5206.080606 3.9546e-17
5207.615084 3.7331e-17
5209.149562 4.1798e-17
5210.68404 4.3492e-17
5212.218518 3.7306e-17
5213.752996 3.0919e-17
5215.287474 3.689e-17
5216.821952 3.289e-17
5218.35643 3.2965e-17
5219.890908 3.9148e-17
5221.425386 3.6608e-17
5222.959864 4.0468e-17
5224.494342 3.9469e-17
5226.02882 3.3805e-17
5227.563298 4.4129e-17
5229.097776 3.8577e-17
5230.632254 3.7991e-17
5232.166732 3.8805e-17
5233.70121 3.9069e-17
5235.235688 3.2072e-17
5236.770166 3.0024e-17
5238.304644 3.3647e-17
5239.839122 3.9018e-17
5241.3736 4.4448e-17
5242.908078 3.5299e-17
5244.442556 3.8459e-17
5245.977034 4.2454e-17
5247.511512 3.7229e-17
5249.04599 3.4519e-17
5250.580468 4.5016e-17
5252.114946 4.0152e-17
5253.649424 3.3497e-17
5255.183902 4.6725e-17
5256.71838 4.8463e-17
5258.252858 3.5454e-17
5259.787336 3.4091e-17
5261.321814 3.7894e-17
5262.856292 3.6973e-17
5264.39077 2.6946e-17
5265.925248 3.0678e-17
5267.459726 4.1083e-17
5268.994204 3.9094e-17
5270.528682 5.1728e-17
5272.06316 4.5818e-17
5273.597638 3.7448e-17
5275.132116 3.8798e-17
5276.666594 4.359e-17
5278.201072 4.2966e-17
5279.73555 3.5172e-17
5281.270028 3.5092e-17
5282.804506 4.9148e-17
5284.338984 4.3521e-17
5285.873462 3.9301e-17
5287.40794 3.6975e-17
5288.942418 3.5588e-17
5290.476896 3.0686e-17
5292.011374 3.6527e-17
5293.545852 3.1909e-17
5295.08033 3.4663e-17
5296.614808 3.5992e-17
5298.149286 3.7046e-17
5299.683764 3.6473e-17
5301.218242 3.3716e-17
5302.75272 3.6093e-17
5304.287198 3.8999e-17
5305.821676 3.2924e-17
5307.356154 3.6955e-17
5308.890632 4.7462e-17
5310.42511 3.588e-17
5311.959588 3.9789e-17
5313.494066 3.6498e-17
5315.028544 5.631e-17
5316.563022 4.8353e-17
5318.0975 4.1781e-17
5319.631978 4.028e-17
5321.166456 3.489e-17
5322.700934 2.3615e-17
5324.235412 3.3359e-17
5325.76989 4.4201e-17
5327.304368 4.7634e-17
5328.838846 3.0682e-17
5330.373324 4.0541e-17
5331.907802 5.2491e-17
5333.44228 4.8398e-17
5334.976758 5.0078e-17
5336.511236 3.5992e-17
5338.045714 4.2081e-17
5339.580192 3.9797e-17
5341.11467 4.6478e-17
5342.649148 3.9417e-17
5344.183626 3.3645e-17
5345.718104 4.1194e-17
5347.252582 4.2345e-17
5348.78706 3.3959e-17
5350.321538 5.0064e-17
5351.856016 4.7228e-17
5353.390494 5.2787e-17
5354.924972 5.2123e-17
5356.45945 3.7316e-17
5357.993928 4.7439e-17
5359.528406 3.4857e-17
5361.062884 2.9628e-17
5362.597362 3.9861e-17
5364.13184 3.9658e-17
5365.666318 4.2335e-17
5367.200796 4.3032e-17
5368.735274 5.0634e-17
5370.269752 3.9116e-17
5371.80423 3.1209e-17
5373.338708 4.3189e-17
5374.873186 4.0201e-17
5376.407664 3.078e-17
5377.942142 3.2687e-17
5379.47662 3.8019e-17
5381.011098 3.4526e-17
5382.545576 5.1413e-17
5384.080054 4.0743e-17
5385.614532 4.1466e-17
5387.14901 3.9961e-17
5388.683488 5.9391e-17
5390.217966 5.1726e-17
5391.752444 4.2633e-17
5393.286922 4.8547e-17
5394.8214 4.2839e-17
5396.355878 2.8969e-17
5397.890356 3.2804e-17
5399.424834 4.2906e-17
5400.959312 3.3229e-17
5402.49379 5.0831e-17
5404.028268 5.1322e-17
5405.562746 3.9746e-17
5407.097224 3.4058e-17
5408.631702 3.8766e-17
5410.16618 5.7e-17
5411.700658 4.624e-17
5413.235136 4.4333e-17
5414.769614 5.4714e-17
5416.304092 4.7392e-17
5417.83857 2.6536e-17
5419.373048 2.9394e-17
5420.907526 4.2163e-17
5422.442004 4.2058e-17
5423.976482 4.508e-17
5425.51096 3.7543e-17
5427.045438 2.9146e-17
5428.579916 3.4188e-17
5430.114394 2.9601e-17
5431.648872 2.4338e-17
5433.18335 3.544e-17
5434.717828 3.2531e-17
5436.252306 4.3577e-17
5437.786784 3.9555e-17
5439.321262 5.3036e-17
5440.85574 3.6832e-17
5442.390218 2.4954e-17
5443.924696 3.6996e-17
5445.459174 6.0671e-17
5446.993652 4.9519e-17
5448.52813 5.3557e-17
5450.062608 4.646e-17
5451.597086 4.8455e-17
5453.131564 4.7785e-17
5454.666042 5.4548e-17
5456.20052 5.8422e-17
5457.734998 3.8134e-17
5459.269476 2.9859e-17
5460.803954 5.1166e-17
5462.338432 5.1149e-17
5463.87291 5.3183e-17
5465.407388 4.5723e-17
5466.941866 5.8445e-17
5468.476344 2.7235e-17
5470.010822 3.0435e-17
5471.5453 4.8152e-17
5473.079778 3.3334e-17
5474.614256 1.5608e-17
5476.148734 4.1416e-17
5477.683212 3.6617e-17
5479.21769 3.4131e-17
5480.752168 3.4549e-17
5482.286646 4.5318e-17
5483.821124 5.6578e-17
5485.355602 3.5306e-17
5486.89008 5.4274e-17
5488.424558 5.7332e-17
5489.959036 3.522e-17
5491.493514 4.1897e-17
5493.027992 3.8301e-17
5494.56247 5.0847e-17
5496.096948 5.487e-17
5497.631426 4.4762e-17
5499.165904 4.4754e-17
5500.700382 4.7078e-17
5502.23486 4.7663e-17
5503.769338 6.0116e-17
5505.303816 5.1209e-17
5506.838294 4.9998e-17
5508.372772 3.2672e-17
5509.90725 2.6644e-17
5511.441728 3.9353e-17
5512.976206 3.2001e-17
5514.510684 3.9261e-17
5516.045162 4.0108e-17
5517.57964 2.7976e-17
5519.114118 3.4023e-17
5520.648596 4.146e-17
5522.183074 4.3601e-17
5523.717552 4.1285e-17
5525.25203 4.2005e-17
5526.786508 4.3067e-17
5528.320986 3.7039e-17
5529.855464 4.4876e-17
5531.389942 4.2862e-17
5532.92442 3.2881e-17
5534.458898 4.3049e-17
5535.993376 4.4869e-17
5537.527854 4.6296e-17
5539.062332 4.4079e-17
5540.59681 3.5657e-17
5542.131288 3.4593e-17
5543.665766 3.6596e-17
5545.200244 4.3493e-17
5546.734722 4.7354e-17
5548.2692 4.2349e-17
5549.803678 3.8896e-17
5551.338156 5.0086e-17
5552.872634 4.7183e-17
5554.407112 3.0944e-17
5555.94159 3.5579e-17
5557.476068 3.7888e-17
5559.010546 4.5676e-17
5560.545024 4.4791e-17
5562.079502 4.6366e-17
5563.61398 3.9438e-17
5565.148458 3.2753e-17
5566.682936 4.2045e-17
5568.217414 4.6667e-17
5569.751892 4.1355e-17
5571.28637 3.7318e-17
5572.820848 5.8263e-17
5574.355326 5.9784e-17
5575.889804 4.7546e-17
5577.424282 4.9063e-17
5578.95876 5.5129e-17
5580.493238 2.8381e-17
5582.027716 1.7697e-17
5583.562194 3.8775e-17
5585.096672 3.8502e-17
5586.63115 3.6986e-17
5588.165628 3.3094e-17
5589.700106 3.4183e-17
5591.234584 4.0444e-17
5592.769062 3.2451e-17
5594.30354 4.2644e-17
5595.838018 4.936e-17
5597.372496 4.9374e-17
5598.906974 4.8266e-17
5600.441452 4.0053e-17
5601.97593 3.1031e-17
5603.510408 3.4977e-17
5605.044886 4.9654e-17
5606.579364 4.9001e-17
5608.113842 3.6201e-17
5609.64832 3.2452e-17
5611.182798 3.6693e-17
5612.717276 4.808e-17
5614.251754 5.163e-17
5615.786232 3.9568e-17
5617.32071 2.8889e-17
5618.855188 4.4371e-17
5620.389666 5.5066e-17
5621.924144 4.8315e-17
5623.458622 4.7837e-17
5624.9931 5.812e-17
5626.527578 4.8709e-17
5628.062056 4.5303e-17
5629.596534 4.6234e-17
5631.131012 3.367e-17
5632.66549 3.4099e-17
5634.199968 4.2773e-17
5635.734446 4.0109e-17
5637.268924 4.848e-17
5638.803402 5.2743e-17
5640.33788 4.9741e-17
5641.872358 3.8441e-17
5643.406836 4.6653e-17
5644.941314 5.3101e-17
5646.475792 3.4837e-17
5648.01027 3.4653e-17
5649.544748 3.9712e-17
5651.079226 4.211e-17
5652.613704 4.1331e-17
5654.148182 3.9457e-17
5655.68266 4.6942e-17
5657.217138 4.5699e-17
5658.751616 3.2658e-17
5660.286094 3.6475e-17
5661.820572 5.0921e-17
5663.35505 4.3825e-17
5664.889528 4.2035e-17
5666.424006 3.7881e-17
5667.958484 4.0362e-17
5669.492962 4.1824e-17
5671.02744 4.1794e-17
5672.561918 5.0016e-17
5674.096396 4.7567e-17
5675.630874 3.8556e-17
5677.165352 3.8922e-17
5678.69983 4.1236e-17
5680.234308 4.6625e-17
5681.768786 5.2874e-17
5683.303264 4.2774e-17
5684.837742 4.4979e-17
5686.37222 4.7972e-17
5687.906698 3.8589e-17
5689.441176 3.9137e-17
5690.975654 4.3634e-17
5692.510132 4.2729e-17
5694.04461 4.6317e-17
5695.579088 5.1323e-17
5697.113566 3.8271e-17
5698.648044 2.6097e-17
5700.182522 3.5104e-17
5701.717 4.5084e-17
5703.251478 4.4785e-17
5704.785956 4.8773e-17
5706.320434 4.8717e-17
5707.854912 4.5676e-17
5709.38939 4.2164e-17
5710.923868 3.2996e-17
5712.458346 3.7742e-17
5713.992824 4.3786e-17
5715.527302 4.1199e-17
5717.06178 4.2787e-17
5718.596258 3.9918e-17
5720.130736 3.5499e-17
5721.665214 3.3145e-17
5723.199692 3.4022e-17
5724.73417 4.108e-17
5726.268648 3.3344e-17
5727.803126 2.5416e-17
5729.337604 3.9823e-17
5730.872082 4.8416e-17
5732.40656 4.4303e-17
5733.941038 3.9549e-17
5735.475516 3.7177e-17
5737.009994 4.0264e-17
5738.544472 3.8837e-17
5740.07895 3.7539e-17
5741.613428 4.1088e-17
5743.147906 3.6421e-17
5744.682384 3.5407e-17
5746.216862 4.2766e-17
5747.75134 4.5557e-17
5749.285818 4.0697e-17
5750.820296 3.9494e-17
5752.354774 4.84e-17
5753.889252 4.7949e-17
5755.42373 4.315e-17
5756.958208 4.0426e-17
5758.492686 3.9124e-17
5760.027164 4.325e-17
5761.561642 4.4227e-17
5763.09612 4.1479e-17
5764.630598 3.5596e-17
5766.165076 3.5243e-17
5767.699554 4.0812e-17
5769.234032 4.6659e-17
5770.76851 4.9197e-17
5772.302988 4.341e-17
5773.837466 4.2941e-17
5775.371944 4.5917e-17
5776.906422 3.9271e-17
5778.4409 3.3093e-17
5779.975378 3.3632e-17
5781.509856 3.4412e-17
5783.044334 3.894e-17
5784.578812 4.527e-17
5786.11329 4.529e-17
5787.647768 4.1339e-17
5789.182246 3.0904e-17
5790.716724 3.1451e-17
5792.251202 3.1518e-17
5793.78568 2.6049e-17
5795.320158 3.5533e-17
5796.854636 4.3547e-17
5798.389114 4.0319e-17
5799.923592 3.4814e-17
5801.45807 3.4396e-17
5802.992548 3.3976e-17
5804.527026 3.0247e-17
5806.061504 3.0137e-17
5807.595982 4.0828e-17
5809.13046 3.8499e-17
5810.664938 2.7916e-17
5812.199416 3.1296e-17
5813.733894 4.4027e-17
5815.268372 5.0241e-17
5816.80285 4.2844e-17
5818.337328 4.3192e-17
5819.871806 4.4411e-17
5821.406284 3.7622e-17
5822.940762 3.7466e-17
5824.47524 3.9131e-17
5826.009718 3.328e-17
5827.544196 3.6863e-17
5829.078674 4.2367e-17
5830.613152 3.5157e-17
5832.14763 2.9742e-17
5833.682108 3.3724e-17
5835.216586 4.208e-17
5836.751064 4.5328e-17
5838.285542 4.2214e-17
5839.82002 3.8041e-17
5841.354498 3.9053e-17
5842.888976 3.4383e-17
5844.423454 2.8563e-17
5845.957932 3.182e-17
5847.49241 3.7795e-17
5849.026888 4.0434e-17
5850.561366 3.0213e-17
5852.095844 2.8439e-17
5853.630322 3.4979e-17
5855.1648 3.6525e-17
5856.699278 4.4931e-17
5858.233756 4.5591e-17
5859.768234 3.946e-17
5861.302712 4.3633e-17
5862.83719 4.5955e-17
5864.371668 3.9687e-17
5865.906146 3.6879e-17
5867.440624 3.9443e-17
5868.975102 4.5616e-17
5870.50958 4.4744e-17
5872.044058 3.8178e-17
5873.578536 3.5108e-17
5875.113014 3.457e-17
5876.647492 4.1765e-17
5878.18197 3.5564e-17
5879.716448 2.3649e-17
5881.250926 3.1447e-17
5882.785404 3.0259e-17
5884.319882 2.358e-17
5885.85436 4.0675e-17
5887.388838 5.6562e-17
5888.923316 5.0073e-17
5890.457794 4.5928e-17
5891.992272 3.0342e-17
5893.52675 1.4725e-17
5895.061228 3.0577e-17
5896.595706 2.8564e-17
5898.130184 1.6078e-17
5899.664662 2.8509e-17
5901.19914 3.3979e-17
5902.733618 3.2525e-17
5904.268096 3.4674e-17
5905.802574 3.2589e-17
5907.337052 3.5349e-17
5908.87153 3.4301e-17
5910.406008 3.3037e-17
5911.940486 3.8445e-17
5913.474964 3.3686e-17
5915.009442 2.6048e-17
5916.54392 2.8148e-17
5918.078398 3.4916e-17
5919.612876 3.9914e-17
5921.147354 4.3039e-17
5922.681832 4.8086e-17
5924.21631 3.949e-17
5925.750788 2.5749e-17
5927.285266 2.3753e-17
5928.819744 3.1251e-17
5930.354222 3.4867e-17
5931.8887 2.7451e-17
5933.423178 2.2727e-17
5934.957656 1.8135e-17
5936.492134 2.0074e-17
5938.026612 2.4279e-17
5939.56109 2.2376e-17
5941.095568 2.9705e-17
5942.630046 3.2867e-17
5944.164524 2.6785e-17
5945.699002 2.4636e-17
5947.23348 2.4266e-17
5948.767958 2.4215e-17
5950.302436 2.7861e-17
5951.836914 2.8729e-17
5953.371392 2.7428e-17
5954.90587 2.6891e-17
5956.440348 3.076e-17
5957.974826 3.2591e-17
5959.509304 3.0612e-17
5961.043782 3.2847e-17
5962.57826 3.4422e-17
5964.112738 3.7085e-17
5965.647216 4.3054e-17
5967.181694 4.0748e-17
5968.716172 2.711e-17
5970.25065 2.6247e-17
5971.785128 3.0199e-17
5973.319606 2.8599e-17
5974.854084 2.6277e-17
5976.388562 2.9222e-17
5977.92304 3.3191e-17
5979.457518 2.7792e-17
5980.991996 2.2753e-17
5982.526474 2.5634e-17
5984.060952 3.0359e-17
5985.59543 3.584e-17
5987.129908 3.6765e-17
5988.664386 2.8029e-17
5990.198864 2.1357e-17
5991.733342 2.6768e-17
5993.26782 3.1811e-17
5994.802298 3.5862e-17
5996.336776 3.6042e-17
5997.871254 2.5157e-17
5999.405732 2.0633e-17
6000.94021 2.358e-17
6002.474688 3.1404e-17
6004.009166 3.4641e-17
6005.543644 3.2422e-17
6007.078122 3.1643e-17
6008.6126 2.7932e-17
6010.147078 2.7161e-17
6011.681556 3.2608e-17
6013.216034 3.1621e-17
6014.750512 2.7477e-17
6016.28499 2.7635e-17
6017.819468 2.9485e-17
6019.353946 3.4641e-17
6020.888424 3.3145e-17
6022.422902 2.6315e-17
6023.95738 2.8444e-17
6025.491858 3.5307e-17
6027.026336 3.8033e-17
6028.560814 3.3185e-17
6030.095292 3.545e-17
6031.62977 3.5145e-17
6033.164248 3.1741e-17
6034.698726 4.5522e-17
6036.233204 5.3255e-17
6037.767682 4.2403e-17
6039.30216 3.4187e-17
6040.836638 3.4369e-17
6042.371116 3.3543e-17
6043.905594 2.3606e-17
6045.440072 2.7979e-17
6046.97455 3.4391e-17
6048.509028 3.4455e-17
6050.043506 3.9472e-17
6051.577984 3.6354e-17
6053.112462 3.1786e-17
6054.64694 3.2801e-17
6056.181418 3.3548e-17
6057.715896 3.8374e-17
6059.250374 4.2343e-17
6060.784852 4.1651e-17
6062.31933 3.728e-17
6063.853808 3.2783e-17
6065.388286 3.6875e-17
6066.922764 4.3218e-17
6068.457242 4.7225e-17
6069.99172 4.9505e-17
6071.526198 4.7458e-17
6073.060676 3.9684e-17
6074.595154 4.0755e-17
6076.129632 4.4163e-17
6077.66411 4.4937e-17
6079.198588 4.1354e-17
6080.733066 3.3438e-17
6082.267544 3.2081e-17
6083.802022 3.3414e-17
6085.3365 3.3694e-17
6086.870978 3.5736e-17
6088.405456 4.0198e-17
6089.939934 4.0889e-17
6091.474412 4.0126e-17
6093.00889 3.8851e-17
6094.543368 3.7388e-17
6096.077846 4.1252e-17
6097.612324 4.443e-17
6099.146802 3.9837e-17
6100.68128 3.9947e-17
6102.215758 4.7572e-17
6103.750236 4.7534e-17
6105.284714 4.139e-17
6106.819192 4.4009e-17
6108.35367 4.7118e-17
6109.888148 4.8228e-17
6111.422626 4.4693e-17
6112.957104 4.105e-17
6114.491582 4.7887e-17
6116.02606 4.928e-17
6117.560538 4.8081e-17
6119.095016 4.91e-17
6120.629494 4.5894e-17
6122.163972 4.7777e-17
6123.69845 4.6134e-17
6125.232928 4.1909e-17
6126.767406 4.2921e-17
6128.301884 4.418e-17
6129.836362 4.8026e-17
6131.37084 5.3159e-17
6132.905318 5.3252e-17
6134.439796 4.5626e-17
6135.974274 3.6771e-17
6137.508752 3.4487e-17
6139.04323 3.9487e-17
6140.577708 4.5286e-17
6142.112186 4.8161e-17
6143.646664 5.2287e-17
6145.181142 5.3163e-17
6146.71562 5.2367e-17
6148.250098 5.2751e-17
6149.784576 4.9929e-17
6151.319054 4.3968e-17
6152.853532 3.8478e-17
6154.38801 3.8653e-17
6155.922488 4.5983e-17
6157.456966 5.1496e-17
6158.991444 4.8641e-17
6160.525922 4.276e-17
6162.0604 4.5723e-17
6163.594878 4.9509e-17
6165.129356 4.5998e-17
6166.663834 4.5243e-17
6168.198312 4.6154e-17
6169.73279 4.5033e-17
6171.267268 3.8881e-17
6172.801746 3.148e-17
6174.336224 3.1779e-17
6175.870702 3.2283e-17
6177.40518 3.391e-17
6178.939658 4.502e-17
6180.474136 5.1707e-17
6182.008614 4.2699e-17
6183.543092 3.5366e-17
6185.07757 3.5142e-17
6186.612048 3.5977e-17
6188.146526 3.8606e-17
6189.681004 4.15e-17
6191.215482 4.5243e-17
6192.74996 4.7033e-17
6194.284438 4.5215e-17
6195.818916 3.5069e-17
6197.353394 2.6733e-17
6198.887872 3.1346e-17
6200.42235 3.803e-17
6201.956828 4.2614e-17
6203.491306 4.2225e-17
6205.025784 3.6752e-17
6206.560262 3.4487e-17
6208.09474 3.4785e-17
6209.629218 3.8069e-17
6211.163696 4.2132e-17
6212.698174 4.4998e-17
6214.232652 4.7889e-17
6215.76713 4.1072e-17
6217.301608 3.3086e-17
6218.836086 3.8348e-17
6220.370564 4.3738e-17
6221.905042 3.7939e-17
6223.43952 3.9056e-17
6224.973998 4.6513e-17
6226.508476 4.6854e-17
6228.042954 4.8493e-17
6229.577432 4.8921e-17
6231.11191 4.4657e-17
6232.646388 4.4794e-17
6234.180866 4.6144e-17
6235.715344 4.0926e-17
6237.249822 4.2388e-17
6238.7843 4.6103e-17
6240.318778 4.2641e-17
6241.853256 4.7917e-17
6243.387734 5.3213e-17
6244.922212 4.8912e-17
6246.45669 4.4833e-17
6247.991168 3.8186e-17
6249.525646 3.5e-17
6251.060124 4.66e-17
6252.594602 5.0489e-17
6254.12908 4.2601e-17
6255.663558 4.3996e-17
6257.198036 4.0396e-17
6258.732514 3.8293e-17
6260.266992 3.6138e-17
6261.80147 3.5365e-17
6263.335948 4.308e-17
6264.870426 4.3464e-17
6266.404904 4.4193e-17
6267.939382 4.4636e-17
6269.47386 3.9186e-17
6271.008338 3.5679e-17
6272.542816 3.5837e-17
6274.077294 3.7861e-17
6275.611772 3.4805e-17
6277.14625 3.784e-17
6278.680728 4.0768e-17
6280.215206 3.7931e-17
6281.749684 3.7237e-17
6283.284162 3.7286e-17
6284.81864 3.9948e-17
6286.353118 3.4379e-17
6287.887596 4.0337e-17
6289.422074 4.6855e-17
6290.956552 3.7703e-17
6292.49103 3.3016e-17
6294.025508 3.4335e-17
6295.559986 4.141e-17
6297.094464 4.5404e-17
6298.628942 4.7559e-17
6300.16342 5.0087e-17
6301.697898 4.3748e-17
6303.232376 3.9312e-17
6304.766854 3.8317e-17
6306.301332 3.1206e-17
6307.83581 2.7154e-17
6309.370288 3.1553e-17
6310.904766 3.42e-17
6312.439244 3.1077e-17
6313.973722 3.7428e-17
6315.5082 4.0176e-17
6317.042678 3.3936e-17
6318.577156 4.0643e-17
6320.111634 5.1318e-17
6321.646112 5.0308e-17
6323.18059 3.9226e-17
6324.715068 3.1584e-17
6326.249546 3.8567e-17
6327.784024 4.3258e-17
6329.318502 4.1523e-17
6330.85298 4.0174e-17
6332.387458 3.4199e-17
6333.921936 3.2324e-17
6335.456414 4.0175e-17
6336.990892 4.1078e-17
6338.52537 3.46e-17
6340.059848 3.8017e-17
6341.594326 4.4175e-17
6343.128804 4.1362e-17
6344.663282 3.758e-17
6346.19776 3.2016e-17
6347.732238 2.7723e-17
6349.266716 3.8707e-17
6350.801194 4.5819e-17
6352.335672 3.4693e-17
6353.87015 2.984e-17
6355.404628 3.5923e-17
6356.939106 4.4349e-17
6358.473584 4.1244e-17
6360.008062 3.9476e-17
6361.54254 5.0642e-17
6363.077018 4.3987e-17
6364.611496 3.2292e-17
6366.145974 4.3871e-17
6367.680452 5.0049e-17
6369.21493 4.8691e-17
6370.749408 5.0134e-17
6372.283886 3.9418e-17
6373.818364 3.5404e-17
6375.352842 4.3691e-17
6376.88732 4.3064e-17
6378.421798 3.9259e-17
6379.956276 3.8462e-17
6381.490754 3.811e-17
6383.025232 4.2781e-17
6384.55971 4.5006e-17
6386.094188 4.593e-17
6387.628666 4.367e-17
6389.163144 4.0185e-17
6390.697622 3.9893e-17
6392.2321 3.7492e-17
6393.766578 3.7898e-17
6395.301056 4.1482e-17
6396.835534 4.0238e-17
6398.370012 3.3658e-17
6399.90449 3.2478e-17
6401.438968 3.3695e-17
6402.973446 3.638e-17
6404.507924 4.0158e-17
6406.042402 4.4425e-17
6407.57688 4.501e-17
6409.111358 3.9115e-17
6410.645836 3.6257e-17
6412.180314 3.9377e-17
6413.714792 3.5357e-17
6415.24927 2.8656e-17
6416.783748 3.3874e-17
6418.318226 3.8563e-17
6419.852704 3.2999e-17
6421.387182 3.5861e-17
6422.92166 4.0946e-17
6424.456138 3.9395e-17
6425.990616 3.9153e-17
6427.525094 3.7461e-17
6429.059572 3.8547e-17
6430.59405 3.8875e-17
6432.128528 3.8478e-17
6433.663006 4.2593e-17
6435.197484 4.5168e-17
6436.731962 3.5304e-17
6438.26644 3.2568e-17
6439.800918 4.1655e-17
6441.335396 3.9846e-17
6442.869874 3.8635e-17
6444.404352 3.5451e-17
6445.93883 3.6841e-17
6447.473308 3.7686e-17
6449.007786 3.238e-17
6450.542264 3.5468e-17
6452.076742 3.4438e-17
6453.61122 3.4067e-17
6455.145698 3.5993e-17
6456.680176 3.4233e-17
6458.214654 3.462e-17
6459.749132 3.4667e-17
6461.28361 3.2029e-17
6462.818088 3.5247e-17
6464.352566 3.8953e-17
6465.887044 3.5588e-17
6467.421522 3.557e-17
6468.956 3.5191e-17
6470.490478 3.1487e-17
6472.024956 2.855e-17
6473.559434 2.9858e-17
6475.093912 3.2911e-17
6476.62839 3.065e-17
6478.162868 2.9493e-17
6479.697346 3.2944e-17
6481.231824 3.2431e-17
6482.766302 3.0454e-17
6484.30078 2.8274e-17
6485.835258 2.9742e-17
6487.369736 3.4093e-17
6488.904214 3.0388e-17
6490.438692 2.7632e-17
6491.97317 2.8654e-17
6493.507648 2.9671e-17
6495.042126 3.0208e-17
6496.576604 2.6866e-17
6498.111082 2.2192e-17
6499.64556 2.2201e-17
6501.180038 2.621e-17
6502.714516 2.8938e-17
6504.248994 2.3784e-17
6505.783472 2.2253e-17
6507.31795 2.0873e-17
6508.852428 1.5093e-17
6510.386906 2.0473e-17
6511.921384 2.7778e-17
6513.455862 2.7604e-17
6514.99034 2.7278e-17
6516.524818 2.9967e-17
6518.059296 2.9877e-17
6519.593774 2.9496e-17
6521.128252 3.2219e-17
6522.66273 3.2345e-17
6524.197208 3.2033e-17
6525.731686 3.3438e-17
6527.266164 2.7479e-17
6528.800642 1.598e-17
6530.33512 1.2646e-17
6531.869598 2.1629e-17
6533.404076 3.1764e-17
6534.938554 2.7392e-17
6536.473032 2.1749e-17
6538.00751 2.5261e-17
6539.541988 2.3528e-17
6541.076466 2.2007e-17
6542.610944 2.6205e-17
6544.145422 2.9428e-17
6545.6799 3.1101e-17
6547.214378 3.1065e-17
6548.748856 2.4734e-17
6550.283334 1.662e-17
6551.817812 1.68e-17
6553.35229 2.0836e-17
6554.886768 2.2595e-17
6556.421246 2.5237e-17
6557.955724 2.8972e-17
6559.490202 2.8594e-17
6561.02468 2.5239e-17
6562.559158 2.6009e-17
6564.093636 2.3855e-17
6565.628114 1.856e-17
6567.162592 1.7659e-17
6568.69707 2.0434e-17
6570.231548 2.3308e-17
6571.766026 2.4937e-17
6573.300504 2.2474e-17
6574.834982 2.1279e-17
6576.36946 2.2949e-17
6577.903938 2.1717e-17
6579.438416 1.8707e-17
6580.972894 1.8385e-17
6582.507372 2.4436e-17
6584.04185 2.4971e-17
6585.576328 1.8407e-17
6587.110806 2.0613e-17
6588.645284 2.4887e-17
6590.179762 2.212e-17
6591.71424 2.1956e-17
6593.248718 2.903e-17
6594.783196 2.6859e-17
6596.317674 1.9637e-17
6597.852152 1.819e-17
6599.38663 1.9879e-17
6600.921108 2.5222e-17
6602.455586 2.55e-17
6603.990064 2.4351e-17
6605.524542 2.6908e-17
6607.05902 2.914e-17
6608.593498 2.5562e-17
6610.127976 2.1622e-17
6611.662454 2.3791e-17
6613.196932 2.9481e-17
6614.73141 2.8372e-17
6616.265888 2.4344e-17
6617.800366 2.2257e-17
6619.334844 1.6329e-17
6620.869322 1.2613e-17
6622.4038 1.4453e-17
6623.938278 2.2024e-17
6625.472756 2.7515e-17
6627.007234 2.7869e-17
6628.541712 2.5712e-17
6630.07619 2.3626e-17
6631.610668 2.4144e-17
6633.145146 2.376e-17
6634.679624 1.8272e-17
6636.214102 1.676e-17
6637.74858 2.3963e-17
6639.283058 2.6438e-17
6640.817536 2.5592e-17
6642.352014 2.7689e-17
6643.886492 3.1644e-17
6645.42097 3.0359e-17
6646.955448 2.5074e-17
6648.489926 2.4328e-17
6650.024404 2.4663e-17
6651.558882 2.0561e-17
6653.09336 2.335e-17
6654.627838 2.8967e-17
6656.162316 2.6752e-17
6657.696794 2.6911e-17
6659.231272 3.0611e-17
6660.76575 3.411e-17
6662.300228 3.4595e-17
6663.834706 3.2112e-17
6665.369184 3.3893e-17
6666.903662 3.2572e-17
6668.43814 2.9566e-17
6669.972618 3.584e-17
6671.507096 3.8004e-17
6673.041574 3.4712e-17
6674.576052 3.4263e-17
6676.11053 3.1418e-17
6677.645008 3.1113e-17
6679.179486 3.1866e-17
6680.713964 3.0672e-17
6682.248442 3.6833e-17
6683.78292 4.1012e-17
6685.317398 3.7286e-17
6686.851876 3.6873e-17
6688.386354 3.6905e-17
6689.920832 3.2422e-17
6691.45531 2.9061e-17
6692.989788 3.3883e-17
6694.524266 3.9017e-17
6696.058744 3.4565e-17
6697.593222 3.4217e-17
6699.1277 3.644e-17
6700.662178 3.3241e-17
6702.196656 3.8639e-17
6703.731134 4.979e-17
6705.265612 5.2158e-17
6706.80009 4.1711e-17
6708.334568 3.1368e-17
6709.869046 2.9133e-17
6711.403524 3.5162e-17
6712.938002 4.2521e-17
6714.47248 4.1554e-17
6716.006958 3.9142e-17
6717.541436 3.7813e-17
6719.075914 4.1083e-17
6720.610392 4.509e-17
6722.14487 4.3699e-17
6723.679348 4.0154e-17
6725.213826 3.8185e-17
6726.748304 3.9476e-17
6728.282782 4.3861e-17
6729.81726 5.0625e-17
6731.351738 4.9374e-17
6732.886216 4.2898e-17
6734.420694 3.9545e-17
6735.955172 3.9466e-17
6737.48965 4.2694e-17
6739.024128 4.3082e-17
6740.558606 4.2685e-17
6742.093084 3.9836e-17
6743.627562 3.8342e-17
6745.16204 3.7555e-17
6746.696518 3.16e-17
6748.230996 3.0736e-17
6749.765474 3.6923e-17
6751.299952 3.9613e-17
6752.83443 3.7657e-17
6754.368908 3.7006e-17
6755.903386 3.465e-17
6757.437864 3.6384e-17
6758.972342 4.3293e-17
6760.50682 4.5659e-17
6762.041298 4.65e-17
6763.575776 4.7411e-17
6765.110254 4.5839e-17
6766.644732 4.234e-17
6768.17921 4.4895e-17
6769.713688 4.9599e-17
6771.248166 4.4842e-17
6772.782644 3.7661e-17
6774.317122 3.6041e-17
6775.8516 3.9846e-17
6777.386078 4.1283e-17
6778.920556 3.7181e-17
6780.455034 4.1868e-17
6781.989512 4.9718e-17
6783.52399 4.7793e-17
6785.058468 4.5963e-17
6786.592946 4.4875e-17
6788.127424 4.6718e-17
6789.661902 4.9264e-17
6791.19638 4.2005e-17
6792.730858 3.7664e-17
6794.265336 4.594e-17
6795.799814 5.2544e-17
6797.334292 4.9439e-17
6798.86877 4.1736e-17
6800.403248 3.9485e-17
6801.937726 4.4846e-17
6803.472204 4.5885e-17
6805.006682 4.7026e-17
6806.54116 5.1457e-17
6808.075638 4.4739e-17
6809.610116 3.933e-17
6811.144594 4.909e-17
6812.679072 5.2804e-17
6814.21355 4.7925e-17
6815.748028 4.5645e-17
6817.282506 4.5931e-17
6818.816984 4.7329e-17
6820.351462 4.5453e-17
6821.88594 4.0489e-17
6823.420418 3.879e-17
6824.954896 4.5312e-17
6826.489374 4.9748e-17
6828.023852 4.7488e-17
6829.55833 4.6953e-17
6831.092808 4.8459e-17
6832.627286 4.6736e-17
6834.161764 4.4837e-17
6835.696242 4.4527e-17
6837.23072 4.5625e-17
6838.765198 4.8001e-17
6840.299676 4.5885e-17
6841.834154 4.5472e-17
6843.368632 4.544e-17
6844.90311 4.0417e-17
6846.437588 3.8336e-17
6847.972066 4.1324e-17
6849.506544 4.7363e-17
6851.041022 4.851e-17
6852.5755 4.7136e-17
6854.109978 4.6978e-17
6855.644456 4.0792e-17
6857.178934 3.8987e-17
6858.713412 4.2062e-17
6860.24789 4.479e-17
6861.782368 4.6311e-17
6863.316846 4.9392e-17
6864.851324 4.7919e-17
6866.385802 3.5473e-17
6867.92028 3.5944e-17
6869.454758 3.9367e-17
6870.989236 3.5604e-17
6872.523714 3.4582e-17
6874.058192 3.5399e-17
6875.59267 3.7898e-17
6877.127148 3.9657e-17
6878.661626 4.1559e-17
6880.196104 4.0548e-17
6881.730582 3.8294e-17
6883.26506 4.1877e-17
6884.799538 4.2382e-17
6886.334016 3.844e-17
6887.868494 3.5786e-17
6889.402972 3.3912e-17
6890.93745 3.5965e-17
6892.471928 4.099e-17
6894.006406 4.6487e-17
6895.540884 4.6116e-17
6897.075362 4.2715e-17
6898.60984 4.5037e-17
6900.144318 4.8187e-17
6901.678796 4.6694e-17
6903.213274 4.9723e-17
6904.747752 5.3025e-17
6906.28223 5.3714e-17
6907.816708 5.1003e-17
6909.351186 4.4483e-17
6910.885664 4.5031e-17
6912.420142 4.4159e-17
6913.95462 4.2102e-17
6915.489098 4.2535e-17
6917.023576 4.1197e-17
6918.558054 3.7615e-17
6920.092532 3.9883e-17
6921.62701 4.2337e-17
6923.161488 3.981e-17
6924.695966 4.3546e-17
6926.230444 4.5631e-17
6927.764922 4.1685e-17
6929.2994 3.68e-17
6930.833878 3.8531e-17
6932.368356 4.1897e-17
6933.902834 4.2634e-17
6935.437312 4.7822e-17
6936.97179 4.541e-17
6938.506268 4.2253e-17
6940.040746 4.4862e-17
6941.575224 3.898e-17
6943.109702 3.6867e-17
6944.64418 4.506e-17
6946.178658 4.1266e-17
6947.713136 3.652e-17
6949.247614 4.5993e-17
6950.782092 4.7581e-17
6952.31657 4.3268e-17
6953.851048 4.5018e-17
6955.385526 4.278e-17
6956.920004 4.0875e-17
6958.454482 4.3054e-17
6959.98896 3.9668e-17
6961.523438 3.7721e-17
6963.057916 3.8077e-17
6964.592394 3.8571e-17
6966.126872 3.9138e-17
6967.66135 4.4553e-17
6969.195828 4.0359e-17
6970.730306 3.362e-17
6972.264784 3.7916e-17
6973.799262 4.5579e-17
6975.33374 4.6536e-17
6976.868218 4.0371e-17
6978.402696 4.1612e-17
6979.937174 4.5897e-17
6981.471652 4.8652e-17
6983.00613 4.719e-17
6984.540608 4.0714e-17
6986.075086 3.792e-17
6987.609564 3.6956e-17
6989.144042 4.1409e-17
6990.67852 4.3731e-17
6992.212998 3.9471e-17
6993.747476 4.0523e-17
6995.281954 4.5401e-17
6996.816432 4.5401e-17
6998.35091 4.1062e-17
6999.885388 4.0111e-17
7001.419866 3.8817e-17
7002.954344 3.3403e-17
7004.488822 3.3457e-17
7006.0233 3.833e-17
7007.557778 4.2834e-17
7009.092256 4.4388e-17
7010.626734 4.1971e-17
7012.161212 4.1714e-17
7013.69569 4.0677e-17
7015.230168 4.5603e-17
7016.764646 4.763e-17
7018.299124 4.3666e-17
7019.833602 4.3661e-17
7021.36808 3.9149e-17
7022.902558 3.6972e-17
7024.437036 4.0069e-17
7025.971514 3.7189e-17
7027.505992 3.7647e-17
7029.04047 4.1325e-17
7030.574948 4.0221e-17
7032.109426 3.8082e-17
7033.643904 3.8288e-17
7035.178382 4.1376e-17
7036.71286 4.0264e-17
7038.247338 3.4878e-17
7039.781816 3.5875e-17
7041.316294 3.5621e-17
7042.850772 3.0416e-17
7044.38525 3.2095e-17
7045.919728 3.5511e-17
7047.454206 3.4852e-17
7048.988684 3.219e-17
7050.523162 3.6773e-17
7052.05764 4.2901e-17
7053.592118 4.3204e-17
7055.126596 4.1916e-17
7056.661074 3.7579e-17
7058.195552 3.1096e-17
7059.73003 3.3612e-17
7061.264508 3.4394e-17
7062.798986 3.3432e-17
7064.333464 3.1548e-17
7065.867942 3.2524e-17
7067.40242 3.7898e-17
7068.936898 4.1968e-17
7070.471376 4.1197e-17
7072.005854 4.0128e-17
7073.540332 3.8434e-17
7075.07481 3.5697e-17
7076.609288 3.8857e-17
7078.143766 4.1192e-17
7079.678244 4.3098e-17
7081.212722 4.7887e-17
7082.7472 4.873e-17
7084.281678 4.1339e-17
7085.816156 3.4786e-17
7087.350634 3.426e-17
7088.885112 3.7524e-17
7090.41959 4.1991e-17
7091.954068 4.0523e-17
7093.488546 3.7067e-17
7095.023024 3.8305e-17
7096.557502 3.886e-17
7098.09198 3.4439e-17
7099.626458 3.0543e-17
7101.160936 3.2605e-17
7102.695414 3.6811e-17
7104.229892 3.3784e-17
7105.76437 2.9246e-17
7107.298848 3.106e-17
7108.833326 3.4248e-17
7110.367804 3.5413e-17
7111.902282 3.4437e-17
7113.43676 3.213e-17
7114.971238 3.2028e-17
7116.505716 3.6253e-17
7118.040194 3.3284e-17
7119.574672 2.6484e-17
7121.10915 2.4905e-17
7122.643628 3.0469e-17
7124.178106 3.9277e-17
7125.712584 4.2101e-17
7127.247062 4.012e-17
7128.78154 3.8084e-17
7130.316018 3.4089e-17
7131.850496 3.1796e-17
7133.384974 3.3428e-17
7134.919452 3.6937e-17
7136.45393 3.9408e-17
7137.988408 3.8508e-17
7139.522886 3.5094e-17
7141.057364 3.3718e-17
7142.591842 3.6635e-17
7144.12632 3.3599e-17
7145.660798 3.0608e-17
7147.195276 3.3478e-17
7148.729754 3.5036e-17
7150.264232 3.4921e-17
7151.79871 3.2949e-17
7153.333188 3.2788e-17
7154.867666 3.2169e-17
7156.402144 2.8971e-17
7157.936622 2.7948e-17
7159.4711 2.9306e-17
7161.005578 3.0065e-17
7162.540056 2.8241e-17
7164.074534 2.9862e-17
7165.609012 2.744e-17
7167.14349 2.9658e-17
7168.677968 3.1155e-17
7170.212446 2.7506e-17
7171.746924 2.997e-17
7173.281402 3.2358e-17
7174.81588 3.1122e-17
7176.350358 2.8968e-17
7177.884836 2.6925e-17
7179.419314 2.8134e-17
7180.953792 2.876e-17
7182.48827 2.9323e-17
7184.022748 3.0087e-17
7185.557226 2.7686e-17
7187.091704 2.564e-17
7188.626182 2.8161e-17
7190.16066 2.9471e-17
7191.695138 2.7074e-17
7193.229616 3.0306e-17
7194.764094 3.4005e-17
7196.298572 2.9713e-17
7197.83305 2.5068e-17
7199.367528 2.6258e-17
7200.902006 3.0159e-17
7202.436484 3.1983e-17
7203.970962 3.1574e-17
7205.50544 2.8541e-17
7207.039918 2.6406e-17
7208.574396 2.9761e-17
7210.108874 3.5129e-17
7211.643352 3.5159e-17
7213.17783 3.045e-17
7214.712308 2.8828e-17
7216.246786 3.0625e-17
7217.781264 3.2761e-17
7219.315742 3.4849e-17
7220.85022 3.5793e-17
7222.384698 3.2469e-17
7223.919176 2.8733e-17
7225.453654 2.7036e-17
7226.988132 2.7248e-17
7228.52261 3.3806e-17
7230.057088 4.0651e-17
7231.591566 5.1844e-17
7233.126044 5.5058e-17
7234.660522 4.4009e-17
7236.195 3.8016e-17
7237.729478 3.3577e-17
7239.263956 2.9631e-17
7240.798434 3.577e-17
7242.332912 3.5468e-17
7243.86739 3.1016e-17
7245.401868 3.0465e-17
7246.936346 2.8444e-17
7248.470824 3.1139e-17
7250.005302 3.5388e-17
7251.53978 3.2278e-17
7253.074258 2.511e-17
7254.608736 2.6294e-17
7256.143214 3.3717e-17
7257.677692 3.8535e-17
7259.21217 3.5492e-17
7260.746648 2.7216e-17
7262.281126 2.873e-17
7263.815604 3.7341e-17
7265.350082 3.691e-17
7266.88456 3.1355e-17
7268.419038 3.0387e-17
7269.953516 2.9455e-17
7271.487994 2.9612e-17
7273.022472 3.2504e-17
7274.55695 3.0878e-17
7276.091428 3.1481e-17
7277.625906 4.0905e-17
7279.160384 3.7869e-17
7280.694862 3.2846e-17
7282.22934 3.3916e-17
7283.763818 3.1748e-17
7285.298296 3.3437e-17
7286.832774 3.2042e-17
7288.367252 2.8145e-17
7289.90173 2.5986e-17
7291.436208 2.5218e-17
7292.970686 2.8946e-17
7294.505164 2.8348e-17
7296.039642 2.8281e-17
7297.57412 3.0905e-17
7299.108598 3.2782e-17
7300.643076 3.6014e-17
7302.177554 3.099e-17
7303.712032 2.4835e-17
7305.24651 3.0223e-17
7306.780988 3.2019e-17
7308.315466 2.402e-17
7309.849944 2.0027e-17
7311.384422 2.6425e-17
7312.9189 3.4491e-17
7314.453378 3.4607e-17
7315.987856 2.97e-17
7317.522334 2.8435e-17
7319.056812 2.9353e-17
7320.59129 2.9898e-17
7322.125768 3.2891e-17
7323.660246 3e-17
7325.194724 2.5794e-17
7326.729202 3.2279e-17
7328.26368 3.6483e-17
7329.798158 3.5217e-17
7331.332636 3.5311e-17
7332.867114 3.2594e-17
7334.401592 2.6904e-17
7335.93607 2.7911e-17
7337.470548 3.6207e-17
7339.005026 3.3599e-17
7340.539504 2.9347e-17
7342.073982 3.0069e-17
7343.60846 2.6796e-17
7345.142938 2.4639e-17
7346.677416 2.7347e-17
7348.211894 3.5289e-17
7349.746372 3.5049e-17
7351.28085 2.9988e-17
7352.815328 3.2775e-17
7354.349806 3.5337e-17
7355.884284 3.3518e-17
7357.418762 3.7661e-17
7358.95324 4.164e-17
7360.487718 3.6334e-17
7362.022196 3.015e-17
7363.556674 2.6196e-17
7365.091152 2.0862e-17
7366.62563 2.25e-17
7368.160108 3.4337e-17
7369.694586 3.3614e-17
7371.229064 2.4445e-17
7372.763542 2.6785e-17
7374.29802 2.8751e-17
7375.832498 2.5692e-17
7377.366976 2.7809e-17
7378.901454 3.0773e-17
7380.435932 3.0076e-17
7381.97041 3.2576e-17
7383.504888 3.6347e-17
7385.039366 3.6002e-17
7386.573844 3.0925e-17
7388.108322 2.6646e-17
7389.6428 2.9635e-17
7391.177278 3.3552e-17
7392.711756 3.4468e-17
7394.246234 3.5893e-17
7395.780712 3.4324e-17
7397.31519 3.1307e-17
7398.849668 3.2871e-17
7400.384146 3.3632e-17
7401.918624 3.3628e-17
7403.453102 3.1491e-17
7404.98758 3.2314e-17
7406.522058 3.5019e-17
7408.056536 3.2479e-17
7409.591014 2.7715e-17
7411.125492 2.8288e-17
7412.65997 3.4175e-17
7414.194448 3.1722e-17
7415.728926 2.8668e-17
7417.263404 3.2027e-17
7418.797882 3.3475e-17
7420.33236 3.3581e-17
7421.866838 3.4116e-17
7423.401316 3.4464e-17
7424.935794 3.5632e-17
7426.470272 3.5642e-17
7428.00475 3.4222e-17
7429.539228 3.4047e-17
7431.073706 3.2686e-17
7432.608184 2.6864e-17
7434.142662 2.4211e-17
7435.67714 2.3997e-17
7437.211618 2.6947e-17
7438.746096 3.3411e-17
7440.280574 3.1029e-17
7441.815052 2.8083e-17
7443.34953 2.8815e-17
7444.884008 2.9447e-17
7446.418486 3.3946e-17
7447.952964 3.5861e-17
7449.487442 3.2511e-17
7451.02192 3.1487e-17
7452.556398 3.2401e-17
7454.090876 2.9103e-17
7455.625354 2.7865e-17
7457.159832 2.9857e-17
7458.69431 2.8721e-17
7460.228788 2.4209e-17
7461.763266 2.2241e-17
7463.297744 2.7214e-17
7464.832222 3.2621e-17
7466.3667 2.9816e-17
7467.901178 2.6463e-17
7469.435656 3.031e-17
7470.970134 3.345e-17
7472.504612 3.6384e-17
7474.03909 3.4153e-17
7475.573568 2.6659e-17
7477.108046 2.9313e-17
7478.642524 3.5666e-17
7480.177002 3.5709e-17
7481.71148 3.5876e-17
7483.245958 3.3008e-17
7484.780436 3.3152e-17
7486.314914 3.3132e-17
7487.849392 3.1285e-17
7489.38387 3.0728e-17
7490.918348 2.8521e-17
7492.452826 3.0734e-17
7493.987304 3.0421e-17
7495.521782 2.9962e-17
7497.05626 3.4307e-17
7498.590738 3.6855e-17
7500.125216 3.6774e-17
7501.659694 3.2673e-17
7503.194172 3.0263e-17
7504.72865 3.0472e-17
7506.263128 3.1461e-17
7507.797606 3.2614e-17
7509.332084 2.7051e-17
7510.866562 2.6351e-17
7512.40104 2.8462e-17
7513.935518 2.9942e-17
7515.469996 3.2061e-17
7517.004474 3.0562e-17
7518.538952 2.9132e-17
7520.07343 3.0968e-17
7521.607908 3.3043e-17
7523.142386 3.3798e-17
7524.676864 3.3404e-17
7526.211342 3.4269e-17
7527.74582 3.1995e-17
7529.280298 3.1897e-17
7530.814776 3.2731e-17
7532.349254 2.9391e-17
7533.883732 3.364e-17
7535.41821 3.3425e-17
7536.952688 2.711e-17
7538.487166 2.8834e-17
7540.021644 3.3047e-17
7541.556122 2.903e-17
7543.0906 2.6714e-17
7544.625078 3.0507e-17
7546.159556 3.091e-17
7547.694034 2.7096e-17
7549.228512 2.8509e-17
7550.76299 2.9013e-17
7552.297468 2.9803e-17
7553.831946 3.6075e-17
7555.366424 3.1593e-17
7556.900902 2.3775e-17
7558.43538 2.7273e-17
7559.969858 3.3437e-17
7561.504336 3.4784e-17
7563.038814 3.1145e-17
7564.573292 2.6889e-17
7566.10777 2.8278e-17
7567.642248 3.5705e-17
7569.176726 3.7318e-17
7570.711204 2.9886e-17
7572.245682 2.5615e-17
7573.78016 2.5125e-17
7575.314638 2.6777e-17
7576.849116 2.6795e-17
7578.383594 2.3771e-17
7579.918072 2.688e-17
7581.45255 3.1074e-17
7582.987028 3.0882e-17
7584.521506 3.1773e-17
7586.055984 3.0736e-17
7587.590462 2.4666e-17
7589.12494 2.202e-17
7590.659418 2.5161e-17
7592.193896 2.5914e-17
7593.728374 2.1599e-17
7595.262852 1.3559e-17
7596.79733 7.7141e-18
7598.331808 8.5368e-18
7599.866286 7.6584e-18
7601.400764 7.4655e-18
7602.935242 1.0377e-17
7604.46972 8.9146e-18
7606.004198 9.7669e-18
7607.538676 1.1016e-17
7609.073154 1.142e-17
7610.607632 1.8424e-17
7612.14211 1.7506e-17
7613.676588 1.3967e-17
7615.211066 2.5963e-17
7616.745544 3.2449e-17
7618.280022 2.8143e-17
7619.8145 2.5294e-17
7621.348978 1.9493e-17
7622.883456 1.5327e-17
7624.417934 1.5828e-17
7625.952412 1.8047e-17
7627.48689 1.7562e-17
7629.021368 1.5636e-17
7630.555846 1.8341e-17
7632.090324 1.9912e-17
7633.624802 1.7283e-17
7635.15928 1.5663e-17
7636.693758 1.4658e-17
7638.228236 1.3498e-17
7639.762714 1.3911e-17
7641.297192 1.7277e-17
7642.83167 2.0641e-17
7644.366148 2.0094e-17
7645.900626 1.8674e-17
7647.435104 1.8677e-17
7648.969582 2.1888e-17
7650.50406 3.1991e-17
7652.038538 3.1078e-17
7653.573016 2.1031e-17
7655.107494 1.9896e-17
7656.641972 1.9819e-17
7658.17645 2.1637e-17
7659.710928 2.3719e-17
7661.245406 2.2345e-17
7662.779884 2.4493e-17
7664.314362 2.6535e-17
7665.84884 2.9966e-17
7667.383318 3.0027e-17
7668.917796 2.7146e-17
7670.452274 2.9701e-17
7671.986752 3.0488e-17
7673.52123 2.5277e-17
7675.055708 2.3308e-17
7676.590186 2.6433e-17
7678.124664 2.5074e-17
7679.659142 2.7151e-17
7681.19362 2.9382e-17
7682.728098 2.4311e-17
7684.262576 2.5753e-17
7685.797054 3.4118e-17
7687.331532 3.5688e-17
7688.86601 2.9892e-17
7690.400488 2.4016e-17
7691.934966 2.4963e-17
7693.469444 2.8203e-17
7695.003922 3.1108e-17
7696.5384 3.6888e-17
7698.072878 3.4983e-17
7699.607356 2.8088e-17
7701.141834 2.1961e-17
7702.676312 1.8874e-17
7704.21079 2.5731e-17
7705.745268 2.7159e-17
7707.279746 2.5793e-17
7708.814224 4.0629e-17
7710.348702 3.5946e-17
7711.88318 1.3017e-17
7713.417658 1.3022e-17
7714.952136 2.4432e-17
7716.486614 3.5311e-17
7718.021092 2.6086e-17
7719.55557 1.1986e-17
7721.090048 2.2441e-17
7722.624526 3.0305e-17
7724.159004 2.8253e-17
7725.693482 2.7793e-17
7727.22796 2.8975e-17
7728.762438 3.2549e-17
7730.296916 3.0036e-17
7731.831394 3.1141e-17
7733.365872 3.1256e-17
7734.90035 2.5115e-17
7736.434828 2.42e-17
7737.969306 2.9484e-17
7739.503784 3.4959e-17
7741.038262 3.3518e-17
7742.57274 2.7759e-17
7744.107218 2.3662e-17
7745.641696 3.5766e-17
7747.176174 4.1189e-17
7748.710652 3.1396e-17
7750.24513 3.1438e-17
7751.779608 2.3408e-17
7753.314086 1.1144e-17
7754.848564 2.1775e-17
7756.383042 3.6413e-17
7757.91752 3.9225e-17
7759.451998 3.2401e-17
7760.986476 2.7837e-17
7762.520954 3.4142e-17
7764.055432 3.0905e-17
7765.58991 2.4849e-17
7767.124388 2.5963e-17
7768.658866 2.5939e-17
7770.193344 2.9283e-17
7771.727822 3.5446e-17
7773.2623 3.3721e-17
7774.796778 2.6111e-17
7776.331256 2.2799e-17
7777.865734 2.2219e-17
7779.400212 2.6455e-17
7780.93469 3.3157e-17
7782.469168 2.8058e-17
7784.003646 2.2171e-17
7785.538124 2.9697e-17
7787.072602 3.0079e-17
7788.60708 2.3403e-17
7790.141558 2.2042e-17
7791.676036 2.5294e-17
7793.210514 3.0531e-17
7794.744992 3.2466e-17
7796.27947 2.3373e-17
7797.813948 2.1382e-17
7799.348426 2.7498e-17
7800.882904 3.5785e-17
7802.417382 3.6922e-17
7803.95186 3.4505e-17
7805.486338 2.9996e-17
7807.020816 2.1843e-17
7808.555294 2.8119e-17
7810.089772 3.161e-17
7811.62425 2.5429e-17
7813.158728 2.565e-17
7814.693206 3.0943e-17
7816.227684 2.782e-17
7817.762162 1.6068e-17
7819.29664 1.8122e-17
7820.831118 3.3031e-17
7822.365596 3.3681e-17
7823.900074 2.4268e-17
7825.434552 2.6618e-17
7826.96903 2.9073e-17
7828.503508 3.0235e-17
7830.037986 3.0115e-17
7831.572464 2.6133e-17
7833.106942 2.9553e-17
7834.64142 3.3805e-17
7836.175898 3.2614e-17
7837.710376 2.8155e-17
7839.244854 2.9095e-17
7840.779332 3.5507e-17
7842.31381 3.394e-17
7843.848288 2.3127e-17
7845.382766 2.0564e-17
7846.917244 1.9663e-17
7848.451722 2.3329e-17
7849.9862 3.0494e-17
7851.520678 3.0829e-17
7853.055156 3.8272e-17
7854.589634 4.0876e-17
7856.124112 2.6764e-17
7857.65859 1.5668e-17
7859.193068 2.7226e-17
7860.727546 3.7628e-17
7862.262024 3.3267e-17
7863.796502 2.1718e-17
7865.33098 1.1494e-17
7866.865458 1.5396e-17
7868.399936 2.12e-17
7869.934414 1.7322e-17
7871.468892 2.3576e-17
7873.00337 2.7295e-17
7874.537848 1.8491e-17
7876.072326 2.3897e-17
7877.606804 3.6549e-17
7879.141282 3.2195e-17
7880.67576 2.4661e-17
7882.210238 2.5341e-17
7883.744716 2.8329e-17
7885.279194 3.472e-17
7886.813672 3.0808e-17
7888.34815 2.5346e-17
7889.882628 3.1989e-17
7891.417106 3.2335e-17
7892.951584 2.9301e-17
7894.486062 2.5659e-17
7896.02054 2.0776e-17
7897.555018 2.3091e-17
7899.089496 2.3208e-17
7900.623974 2.4467e-17
7902.158452 2.9131e-17
7903.69293 2.8692e-17
7905.227408 2.7027e-17
7906.761886 2.4595e-17
7908.296364 2.2481e-17
7909.830842 2.3261e-17
7911.36532 2.5959e-17
7912.899798 2.9924e-17
7914.434276 3.0704e-17
7915.968754 3.0752e-17
7917.503232 2.6955e-17
7919.03771 2.017e-17
7920.572188 1.8394e-17
7922.106666 2.0082e-17
7923.641144 2.5252e-17
7925.175622 2.7948e-17
7926.7101 2.908e-17
7928.244578 3.0183e-17
7929.779056 2.638e-17
7931.313534 2.573e-17
7932.848012 2.7655e-17
7934.38249 2.4249e-17
7935.916968 1.973e-17
7937.451446 2.3363e-17
7938.985924 2.7673e-17
7940.520402 2.711e-17
7942.05488 3.1813e-17
7943.589358 3.4314e-17
7945.123836 3.0786e-17
7946.658314 2.7511e-17
7948.192792 2.3728e-17
7949.72727 2.8656e-17
7951.261748 2.9021e-17
7952.796226 2.8444e-17
7954.330704 3.11e-17
7955.865182 2.7337e-17
7957.39966 2.668e-17
7958.934138 2.1298e-17
7960.468616 8.7986e-18
7962.003094 2.0061e-17
7963.537572 4.5078e-17
7965.07205 4.8207e-17
7966.606528 3.6554e-17
7968.141006 2.6298e-17
7969.675484 2.4081e-17
7971.209962 2.3106e-17
7972.74444 2.1239e-17
7974.278918 1.9669e-17
7975.813396 3.1541e-17
7977.347874 4.0155e-17
7978.882352 3.1617e-17
7980.41683 2.1198e-17
7981.951308 1.8296e-17
7983.485786 1.9656e-17
7985.020264 2.4081e-17
7986.554742 2.7373e-17
7988.08922 2.5002e-17
7989.623698 3.4438e-17
7991.158176 4.0792e-17
7992.692654 2.5378e-17
7994.227132 2.1825e-17
7995.76161 2.3056e-17
7997.296088 1.2896e-17
7998.830566 1.8867e-17
8000.365044 2.6652e-17
8001.899522 2.3984e-17
8003.434 2.1966e-17
8004.968478 1.8988e-17
8006.502956 1.95e-17
8008.037434 2.2579e-17
8009.571912 2.0875e-17
8011.10639 1.8529e-17
8012.640868 1.0646e-17
8014.175346 1.5186e-17
8015.709824 2.4794e-17
8017.244302 2.2571e-17
8018.77878 2.3363e-17
8020.313258 2.0824e-17
8021.847736 2.5904e-17
8023.382214 4.0715e-17
8024.916692 4.6343e-17
8026.45117 3.9887e-17
8027.985648 3.0223e-17
8029.520126 2.5082e-17
8031.054604 2.9891e-17
8032.589082 3.4674e-17
8034.12356 3.2151e-17
8035.658038 2.5221e-17
8037.192516 2.0264e-17
8038.726994 2.3878e-17
8040.261472 2.5468e-17
8041.79595 2.4059e-17
8043.330428 2.5619e-17
8044.864906 2.6983e-17
8046.399384 2.6948e-17
8047.933862 2.4865e-17
8049.46834 2.0462e-17
8051.002818 1.5799e-17
8052.537296 1.7392e-17
8054.071774 1.9771e-17
8055.606252 1.9073e-17
8057.14073 2.373e-17
8058.675208 1.8021e-17
8060.209686 1.0056e-17
8061.744164 1.8375e-17
8063.278642 3.0776e-17
8064.81312 3.6283e-17
8066.347598 3.1699e-17
8067.882076 2.4909e-17
8069.416554 1.9542e-17
8070.951032 2.1855e-17
8072.48551 3.0547e-17
8074.019988 3.3944e-17
8075.554466 3.1468e-17
8077.088944 2.1719e-17
8078.623422 1.712e-17
8080.1579 2.0876e-17
8081.692378 2.683e-17
8083.226856 3.1917e-17
8084.761334 2.8576e-17
8086.295812 2.4267e-17
8087.83029 2.7113e-17
8089.364768 3.1941e-17
8090.899246 3.7512e-17
8092.433724 3.2058e-17
8093.968202 2.405e-17
8095.50268 2.6067e-17
8097.037158 2.7125e-17
8098.571636 2.646e-17
8100.106114 2.5912e-17
8101.640592 2.6236e-17
8103.17507 3.0708e-17
8104.709548 3.1962e-17
8106.244026 2.7827e-17
8107.778504 2.8448e-17
8109.312982 2.7088e-17
8110.84746 2.5612e-17
8112.381938 2.7161e-17
8113.916416 2.4009e-17
8115.450894 2.2663e-17
8116.985372 2.637e-17
8118.51985 2.4682e-17
8120.054328 2.1033e-17
8121.588806 2.455e-17
8123.123284 2.6659e-17
8124.657762 2.4035e-17
8126.19224 2.1896e-17
8127.726718 2.1147e-17
8129.261196 1.9709e-17
8130.795674 2.0044e-17
8132.330152 2.0335e-17
8133.86463 1.7846e-17
8135.399108 1.8993e-17
8136.933586 2.4188e-17
8138.468064 2.4574e-17
8140.002542 2.2156e-17
8141.53702 2.0328e-17
8143.071498 2.1792e-17
8144.605976 2.85e-17
8146.140454 2.7165e-17
8147.674932 1.9989e-17
8149.20941 2.1385e-17
8150.743888 2.7591e-17
8152.278366 3.1008e-17
8153.812844 2.5786e-17
8155.347322 2.1651e-17
8156.8818 2.4187e-17
8158.416278 2.2209e-17
8159.950756 1.9025e-17
8161.485234 2.1875e-17
8163.019712 2.6253e-17
8164.55419 3.0081e-17
8166.088668 3.4721e-17
8167.623146 3.0202e-17
8169.157624 2.2876e-17
8170.692102 2.2035e-17
8172.22658 2.612e-17
8173.761058 2.563e-17
8175.295536 1.9801e-17
8176.830014 1.8973e-17
8178.364492 2.0632e-17
8179.89897 2.3545e-17
8181.433448 2.7991e-17
8182.967926 2.8491e-17
8184.502404 2.9224e-17
8186.036882 2.8059e-17
8187.57136 2.063e-17
8189.105838 2.0993e-17
8190.640316 2.7657e-17
8192.174794 3.5251e-17
8193.709272 3.4145e-17
8195.24375 2.789e-17
8196.778228 2.4326e-17
8198.312706 2.215e-17
8199.847184 3.0404e-17
8201.381662 3.6414e-17
8202.91614 2.8819e-17
8204.450618 2.1342e-17
8205.985096 2.7017e-17
8207.519574 3.108e-17
8209.054052 2.1651e-17
8210.58853 1.3092e-17
8212.123008 1.7071e-17
8213.657486 2.8504e-17
8215.191964 2.6176e-17
8216.726442 1.8483e-17
8218.26092 2.1544e-17
8219.795398 2.6696e-17
8221.329876 2.9396e-17
8222.864354 2.4697e-17
8224.398832 2.1204e-17
8225.93331 2.1082e-17
8227.467788 2.0523e-17
8229.002266 2.3423e-17
8230.536744 2.66e-17
8232.071222 2.4786e-17
8233.6057 2.4478e-17
8235.140178 2.823e-17
8236.674656 3.3773e-17
8238.209134 3.5044e-17
8239.743612 3.0256e-17
8241.27809 2.3999e-17
8242.812568 2.3708e-17
8244.347046 2.9275e-17
8245.881524 3.46e-17
8247.416002 3.5872e-17
8248.95048 3.2182e-17
8250.484958 2.4436e-17
8252.019436 2.3293e-17
8253.553914 2.3068e-17
8255.088392 2.4355e-17
8256.62287 3.3016e-17
8258.157348 3.1676e-17
8259.691826 2.2809e-17
8261.226304 2.3051e-17
8262.760782 2.6401e-17
8264.29526 2.5197e-17
8265.829738 2.4862e-17
8267.364216 2.6631e-17
8268.898694 2.5691e-17
8270.433172 2.3034e-17
8271.96765 2.4747e-17
8273.502128 2.9228e-17
8275.036606 3.0341e-17
8276.571084 3.2575e-17
8278.105562 4.107e-17
8279.64004 3.157e-17
8281.174518 2.2901e-17
8282.708996 2.476e-17
8284.243474 2.8263e-17
8285.777952 3.6758e-17
8287.31243 2.7716e-17
8288.846908 2.78e-17
8290.381386 3.4679e-17
8291.915864 2.9063e-17
8293.450342 2.4258e-17
8294.98482 2.0947e-17
8296.519298 2.6972e-17
8298.053776 3.4203e-17
8299.588254 2.4114e-17
8301.122732 2.2066e-17
8302.65721 2.2744e-17
8304.191688 1.7821e-17
8305.726166 1.7913e-17
8307.260644 2.2634e-17
8308.795122 2.3237e-17
8310.3296 2.1026e-17
8311.864078 2.2949e-17
8313.398556 2.3405e-17
8314.933034 2.184e-17
8316.467512 2.2328e-17
8318.00199 2.2585e-17
8319.536468 2.0658e-17
8321.070946 2.2644e-17
8322.605424 2.7532e-17
8324.139902 2.8865e-17
8325.67438 2.4641e-17
8327.208858 2.1834e-17
8328.743336 2.3933e-17
8330.277814 2.1491e-17
8331.812292 2.2131e-17
8333.34677 2.8893e-17
8334.881248 2.7622e-17
8336.415726 2.3176e-17
8337.950204 1.6338e-17
8339.484682 1.4194e-17
8341.01916 2.3957e-17
8342.553638 2.5114e-17
8344.088116 2.0853e-17
8345.622594 2.2257e-17
8347.157072 1.9215e-17
8348.69155 2.2496e-17
8350.226028 3.1001e-17
8351.760506 2.028e-17
8353.294984 1.4386e-17
8354.829462 2.3093e-17
8356.36394 2.5998e-17
8357.898418 2.3876e-17
8359.432896 1.7715e-17
8360.967374 1.9241e-17
8362.501852 2.0052e-17
8364.03633 1.6646e-17
8365.570808 2.4051e-17
8367.105286 2.5195e-17
8368.639764 1.8267e-17
8370.174242 2.1512e-17
8371.70872 2.2638e-17
8373.243198 1.8378e-17
8374.777676 1.8457e-17
8376.312154 2.211e-17
8377.846632 2.9951e-17
8379.38111 3.5726e-17
8380.915588 2.5757e-17
8382.450066 1.9013e-17
8383.984544 2.1867e-17
8385.519022 2.3406e-17
8387.0535 2.6856e-17
8388.587978 2.7689e-17
8390.122456 2.7489e-17
8391.656934 2.4216e-17
8393.191412 2.3562e-17
8394.72589 2.1234e-17
8396.260368 1.6632e-17
8397.794846 3.1434e-17
8399.329324 4.8136e-17
8400.863802 3.7185e-17
8402.39828 2.7317e-17
8403.932758 3.1604e-17
8405.467236 2.5455e-17
8407.001714 2.2171e-17
8408.536192 2.3312e-17
8410.07067 1.3823e-17
8411.605148 1.3409e-17
8413.139626 2.524e-17
8414.674104 2.9822e-17
8416.208582 3.0093e-17
8417.74306 2.4701e-17
8419.277538 1.7982e-17
8420.812016 2.1892e-17
8422.346494 2.078e-17
8423.880972 1.0771e-17
8425.41545 1.6917e-17
8426.949928 3.5554e-17
8428.484406 2.8364e-17
8430.018884 1.0228e-17
8431.553362 1.5945e-17
8433.08784 2.0005e-17
8434.622318 1.6596e-17
8436.156796 2.2011e-17
8437.691274 2.2879e-17
8439.225752 2.1904e-17
8440.76023 2.0924e-17
8442.294708 2.4883e-17
8443.829186 2.8414e-17
8445.363664 2.2695e-17
8446.898142 2.1388e-17
8448.43262 2.1727e-17
8449.967098 1.4974e-17
8451.501576 1.6307e-17
8453.036054 2.7783e-17
8454.570532 2.2788e-17
8456.10501 2.142e-17
8457.639488 2.5764e-17
8459.173966 2.3513e-17
8460.708444 3.0997e-17
8462.242922 3.0719e-17
8463.7774 2.453e-17
8465.311878 3.6833e-17
8466.846356 3.2929e-17
8468.380834 1.548e-17
8469.915312 1.7431e-17
8471.44979 2.2532e-17
8472.984268 2.842e-17
8474.518746 3.0527e-17
8476.053224 2.6834e-17
8477.587702 2.2801e-17
8479.12218 2.1091e-17
8480.656658 2.3857e-17
8482.191136 2.2653e-17
8483.725614 2.3084e-17
8485.260092 2.9221e-17
8486.79457 2.6175e-17
8488.329048 1.5863e-17
8489.863526 1.3594e-17
8491.398004 1.7024e-17
8492.932482 1.9054e-17
8494.46696 2.6416e-17
8496.001438 3.1501e-17
8497.535916 2.71e-17
8499.070394 2.3231e-17
8500.604872 2.6905e-17
8502.13935 3.4345e-17
8503.673828 3.456e-17
8505.208306 2.62e-17
8506.742784 2.2947e-17
8508.277262 2.3444e-17
8509.81174 2.2177e-17
8511.346218 2.3317e-17
8512.880696 2.6366e-17
8514.415174 2.6298e-17
8515.949652 2.8321e-17
8517.48413 2.8912e-17
8519.018608 2.5172e-17
8520.553086 2.495e-17
8522.087564 2.5671e-17
8523.622042 2.5438e-17
8525.15652 3.0401e-17
8526.690998 3.2245e-17
8528.225476 2.4964e-17
8529.759954 2.152e-17
8531.294432 2.3287e-17
8532.82891 1.9913e-17
8534.363388 1.836e-17
8535.897866 2.5005e-17
8537.432344 3.271e-17
8538.966822 3.5647e-17
8540.5013 3.3088e-17
8542.035778 2.5015e-17
8543.570256 1.9353e-17
8545.104734 1.8381e-17
8546.639212 2.3467e-17
8548.17369 3.0365e-17
8549.708168 2.6346e-17
8551.242646 2.2911e-17
8552.777124 2.3497e-17
8554.311602 2.3889e-17
8555.84608 2.3486e-17
8557.380558 1.9415e-17
8558.915036 2.1757e-17
8560.449514 2.6323e-17
8561.983992 2.2602e-17
8563.51847 2.0066e-17
8565.052948 1.9237e-17
8566.587426 1.8525e-17
8568.121904 2.3908e-17
8569.656382 2.2079e-17
8571.19086 1.9317e-17
8572.725338 2.2262e-17
8574.259816 1.9069e-17
8575.794294 1.9725e-17
8577.328772 2.0697e-17
8578.86325 1.8912e-17
8580.397728 2.1206e-17
8581.932206 2.1751e-17
8583.466684 1.9981e-17
8585.001162 2.1798e-17
8586.53564 1.8627e-17
8588.070118 1.3594e-17
8589.604596 1.5886e-17
8591.139074 1.9467e-17
8592.673552 2.3019e-17
8594.20803 3.3117e-17
8595.742508 3.2198e-17
8597.276986 1.9038e-17
8598.811464 1.9796e-17
8600.345942 2.2657e-17
8601.88042 2.1133e-17
8603.414898 2.0435e-17
8604.949376 1.6651e-17
8606.483854 2.0456e-17
8608.018332 2.2572e-17
8609.55281 1.7258e-17
8611.087288 2.0386e-17
8612.621766 2.0833e-17
8614.156244 1.7512e-17
8615.690722 2.4048e-17
8617.2252 1.7625e-17
8618.759678 1.0588e-17
8620.294156 1.8721e-17
8621.828634 2.2752e-17
8623.363112 2.1276e-17
8624.89759 1.6673e-17
8626.432068 1.5237e-17
8627.966546 2.275e-17
8629.501024 1.8352e-17
8631.035502 7.3318e-18
8632.56998 2.039e-17
8634.104458 3.1069e-17
8635.638936 2.2733e-17
8637.173414 1.8594e-17
8638.707892 2.604e-17
8640.24237 2.5732e-17
8641.776848 2.1964e-17
8643.311326 1.8533e-17
8644.845804 1.9243e-17
8646.380282 1.8244e-17
8647.91476 2.0391e-17
8649.449238 2.5545e-17
8650.983716 1.9115e-17
8652.518194 1.5641e-17
8654.052672 2.0613e-17
8655.58715 1.9459e-17
8657.121628 2.0878e-17
8658.656106 3.0407e-17
8660.190584 3.3805e-17
8661.725062 2.1461e-17
8663.25954 1.67e-17
8664.794018 2.2903e-17
8666.328496 2.4423e-17
8667.862974 2.3602e-17
8669.397452 1.922e-17
8670.93193 1.7354e-17
8672.466408 1.8847e-17
8674.000886 2.1761e-17
8675.535364 1.9619e-17
8677.069842 1.554e-17
8678.60432 1.8148e-17
8680.138798 2.0945e-17
8681.673276 1.8471e-17
8683.207754 1.6969e-17
8684.742232 1.8971e-17
8686.27671 1.8081e-17
8687.811188 1.9018e-17
8689.345666 2.4158e-17
8690.880144 2.3492e-17
8692.414622 2.4071e-17
8693.9491 2.767e-17
8695.483578 2.8713e-17
8697.018056 2.4226e-17
8698.552534 2.0629e-17
8700.087012 1.7699e-17
8701.62149 1.7381e-17
8703.155968 2.0517e-17
8704.690446 2.3664e-17
8706.224924 2.8412e-17
8707.759402 2.9812e-17
8709.29388 2.4051e-17
8710.828358 1.7948e-17
8712.362836 1.718e-17
8713.897314 1.9073e-17
8715.431792 2.0222e-17
8716.96627 1.9853e-17
8718.500748 2.0832e-17
8720.035226 1.8737e-17
8721.569704 1.8993e-17
8723.104182 2.4109e-17
8724.63866 2.2656e-17
8726.173138 1.9995e-17
8727.707616 2.2453e-17
8729.242094 2.568e-17
8730.776572 2.3847e-17
8732.31105 2.0392e-17
8733.845528 1.9837e-17
8735.380006 2.0594e-17
8736.914484 2.2973e-17
8738.448962 2.3522e-17
8739.98344 2.4739e-17
8741.517918 2.8825e-17
8743.052396 2.9343e-17
8744.586874 2.4682e-17
8746.121352 1.6789e-17
8747.65583 1.3327e-17
8749.190308 1.8036e-17
8750.724786 2.3216e-17
8752.259264 2.3552e-17
8753.793742 2.4321e-17
8755.32822 2.6617e-17
8756.862698 2.9046e-17
8758.397176 3.3446e-17
8759.931654 3.714e-17
8761.466132 3.8081e-17
8763.00061 3.9074e-17
8764.535088 2.9512e-17
8766.069566 8.9848e-18
8767.604044 7.2963e-18
8769.138522 2.2722e-17
8770.673 2.8378e-17
8772.207478 1.755e-17
8773.741956 -6.4947e-18
8775.276434 -3.6869e-18
8776.810912 2.97e-17
8778.34539 3.5823e-17
8779.879868 2.1837e-17
8781.414346 1.3282e-17
8782.948824 1.5175e-17
8784.483302 2.987e-17
8786.01778 3.0756e-17
8787.552258 1.4886e-17
8789.086736 1.4903e-17
8790.621214 3.0674e-17
8792.155692 3.0446e-17
8793.69017 2.7644e-17
8795.224648 2.7458e-17
8796.759126 2.5193e-17
8798.293604 2.9907e-17
8799.828082 2.8325e-17
8801.36256 2.4499e-17
8802.897038 2.646e-17
8804.431516 2.6601e-17
8805.965994 2.8484e-17
8807.500472 2.926e-17
8809.03495 2.7579e-17
8810.569428 3.1342e-17
8812.103906 2.9374e-17
8813.638384 2.3419e-17
8815.172862 2.2971e-17
8816.70734 2.7253e-17
8818.241818 2.4576e-17
8819.776296 1.2767e-17
8821.310774 1.1664e-18
8822.845252 5.594e-18
8824.37973 3.0327e-17
8825.914208 5.2588e-17
8827.448686 5.627e-17
8828.983164 2.9845e-17
8830.517642 3.6025e-18
8832.05212 1.1619e-17
8833.586598 2.6255e-17
8835.121076 2.6389e-17
8836.655554 3.066e-17
8838.190032 2.6635e-17
8839.72451 1.6263e-17
8841.258988 1.942e-17
8842.793466 2.7625e-17
8844.327944 3.1972e-17
8845.862422 2.967e-17
8847.3969 2.5668e-17
8848.931378 2.8246e-17
8850.465856 2.5976e-17
8852.000334 2.4658e-17
8853.534812 2.8937e-17
8855.06929 2.7649e-17
8856.603768 2.2541e-17
8858.138246 2.2817e-17
8859.672724 2.4735e-17
8861.207202 1.439e-17
8862.74168 1.4679e-17
8864.276158 2.6272e-17
8865.810636 2.8232e-17
8867.345114 3.2626e-17
8868.879592 3.0595e-17
8870.41407 2.3091e-17
8871.948548 2.211e-17
8873.483026 2.5159e-17
8875.017504 2.3916e-17
8876.551982 2.1867e-17
8878.08646 2.8139e-17
8879.620938 2.5836e-17
8881.155416 1.3664e-17
8882.689894 9.0598e-18
8884.224372 2.3576e-17
8885.75885 8.106e-17
8887.293328 5.9171e-17
8888.827806 2.3577e-17
8890.362284 1.9276e-17
8891.896762 7.3921e-17
8893.43124 2.83e-17
8894.965718 2.274e-17
8896.500196 2.1331e-17
8898.034674 2.7054e-17
8899.569152 3.52e-17
8901.10363 2.9459e-17
8902.638108 2.7915e-17
8904.172586 2.7864e-17
8905.707064 2.439e-17
8907.241542 2.0089e-17
8908.77602 1.6516e-17
8910.310498 2.2117e-17
8911.844976 2.7674e-17
8913.379454 2.3955e-17
8914.913932 1.9817e-17
8916.44841 2.9078e-17
8917.982888 4.5896e-17
8919.517366 5.279e-17
8921.051844 3.8134e-17
8922.586322 1.5706e-17
8924.1208 1.6043e-17
8925.655278 2.862e-17
8927.189756 3.1506e-17
8928.724234 3.2084e-17
8930.258712 2.9775e-17
8931.79319 2.6264e-17
8933.327668 2.0645e-17
8934.862146 1.9584e-17
8936.396624 2.2591e-17
8937.931102 2.1499e-17
8939.46558 2.2515e-17
8941.000058 2.1396e-17
8942.534536 3.1035e-17
8944.069014 3.6334e-17
8945.603492 2.4594e-17
8947.13797 2.3151e-17
8948.672448 2.7689e-17
8950.206926 2.6245e-17
8951.741404 1.9298e-17
8953.275882 1.694e-17
8954.81036 1.9467e-17
8956.344838 2.2267e-17
8957.879316 3.5248e-17
8959.413794 4.2338e-17
8960.948272 2.6329e-17
8962.48275 1.616e-17
8964.017228 1.983e-17
8965.551706 2.436e-17
8967.086184 2.8054e-17
8968.620662 2.8462e-17
8970.15514 2.0155e-17
8971.689618 1.7587e-17
8973.224096 2.0912e-17
8974.758574 2.3784e-17
8976.293052 2.8572e-17
8977.82753 2.2841e-17
8979.362008 1.9007e-17
8980.896486 2.3312e-17
8982.430964 2.2325e-17
8983.965442 1.9328e-17
8985.49992 2.571e-17
8987.034398 3.548e-17
8988.568876 3.3831e-17
8990.103354 2.9776e-17
8991.637832 2.7511e-17
8993.17231 2.082e-17
8994.706788 1.6015e-17
8996.241266 2.5693e-17
8997.775744 4.5125e-17
8999.310222 4.9568e-17
9000.8447 3.0448e-17
9002.379178 1.819e-17
9003.913656 1.8406e-17
9005.448134 1.9523e-17
9006.982612 2.7241e-17
9008.51709 3.0437e-17
9010.051568 3.0793e-17
9011.586046 3.2106e-17
9013.120524 3.0103e-17
9014.655002 2.7943e-17
9016.18948 2.6206e-17
9017.723958 2.3066e-17
9019.258436 2.1841e-17
9020.792914 2.0658e-17
9022.327392 2.0017e-17
9023.86187 1.9196e-17
9025.396348 1.8882e-17
9026.930826 2.3446e-17
9028.465304 2.7085e-17
9029.999782 3.0672e-17
9031.53426 2.6596e-17
9033.068738 2.311e-17
9034.603216 2.964e-17
9036.137694 2.6758e-17
9037.672172 1.7001e-17
9039.20665 1.4635e-17
9040.741128 2.7358e-17
9042.275606 3.2225e-17
9043.810084 2.5565e-17
9045.344562 3.1638e-17
9046.87904 3.3729e-17
9048.413518 2.7134e-17
9049.947996 2.3834e-17
9051.482474 2.3343e-17
9053.016952 2.4606e-17
9054.55143 2.5557e-17
9056.085908 2.455e-17
9057.620386 2.2215e-17
9059.154864 2.3873e-17
9060.689342 2.5226e-17
9062.22382 2.4068e-17
9063.758298 2.4326e-17
9065.292776 2.3521e-17
9066.827254 2.2281e-17
9068.361732 2.1461e-17
9069.89621 1.5942e-17
9071.430688 1.5324e-17
9072.965166 2.2184e-17
9074.499644 2.3036e-17
9076.034122 2.0002e-17
9077.5686 2.2558e-17
9079.103078 2.5374e-17
9080.637556 2.8478e-17
9082.172034 2.9318e-17
9083.706512 2.1247e-17
9085.24099 1.7401e-17
9086.775468 2.2379e-17
9088.309946 2.7215e-17
9089.844424 2.8594e-17
9091.378902 2.9773e-17
9092.91338 3.158e-17
9094.447858 2.8967e-17
9095.982336 2.7585e-17
9097.516814 2.8876e-17
9099.051292 2.5964e-17
9100.58577 2.6925e-17
9102.120248 3.0787e-17
9103.654726 3.0141e-17
9105.189204 2.5924e-17
9106.723682 1.8541e-17
9108.25816 1.7061e-17
9109.792638 2.437e-17
9111.327116 3.1241e-17
9112.861594 3.2831e-17
9114.396072 2.8382e-17
9115.93055 1.9835e-17
9117.465028 2.0717e-17
9118.999506 2.7452e-17
9120.533984 2.8772e-17
9122.068462 2.9466e-17
9123.60294 2.8343e-17
9125.137418 2.4669e-17
9126.671896 2.4481e-17
9128.206374 3.1548e-17
9129.740852 3.2184e-17
9131.27533 2.5591e-17
9132.809808 2.4129e-17
9134.344286 1.9725e-17
9135.878764 1.8279e-17
9137.413242 2.1126e-17
9138.94772 2.367e-17
9140.482198 2.4348e-17
9142.016676 2.0888e-17
9143.551154 2.1514e-17
9145.085632 2.6455e-17
9146.62011 2.7142e-17
9148.154588 2.3657e-17
9149.689066 2.0314e-17
9151.223544 2.0082e-17
9152.758022 1.9243e-17
9154.2925 2.2096e-17
9155.826978 2.4004e-17
9157.361456 2.3893e-17
9158.895934 2.701e-17
9160.430412 2.4934e-17
9161.96489 1.9738e-17
9163.499368 1.8822e-17
9165.033846 1.8246e-17
9166.568324 1.3588e-17
9168.102802 1.8097e-17
9169.63728 2.4717e-17
9171.171758 2.0829e-17
9172.706236 1.7716e-17
9174.240714 2.151e-17
9175.775192 2.5532e-17
9177.30967 2.819e-17
9178.844148 2.5281e-17
9180.378626 2.0201e-17
9181.913104 2.7534e-17
9183.447582 3.138e-17
9184.98206 2.9175e-17
9186.516538 3.2857e-17
9188.051016 2.9959e-17
9189.585494 2.0633e-17
9191.119972 2.081e-17
9192.65445 2.3291e-17
9194.188928 2.2468e-17
9195.723406 2.2949e-17
9197.257884 2.6609e-17
9198.792362 2.7898e-17
9200.32684 2.5956e-17
9201.861318 3.1368e-17
9203.395796 2.9882e-17
9204.930274 2.4936e-17
9206.464752 2.7772e-17
9207.99923 2.9724e-17
9209.533708 2.8079e-17
9211.068186 2.7062e-17
9212.602664 2.3321e-17
9214.137142 2.3191e-17
9215.67162 2.7316e-17
9217.206098 2.6143e-17
9218.740576 2.7362e-17
9220.275054 2.9331e-17
9221.809532 2.4547e-17
9223.34401 2.1117e-17
9224.878488 2.5581e-17
9226.412966 3.0116e-17
9227.947444 3.1904e-17
9229.481922 2.4809e-17
9231.0164 2.0538e-17
9232.550878 2.2745e-17
9234.085356 2.6728e-17
9235.619834 2.834e-17
9237.154312 1.8492e-17
9238.68879 1.7879e-17
9240.223268 2.8585e-17
9241.757746 2.8064e-17
9243.292224 2.4595e-17
9244.826702 2.4758e-17
9246.36118 2.5852e-17
9247.895658 2.7243e-17
9249.430136 2.4533e-17
9250.964614 2.3654e-17
9252.499092 2.2845e-17
9254.03357 2.2147e-17
9255.568048 2.7182e-17
9257.102526 3.1915e-17
9258.637004 3.5062e-17
9260.171482 3.1647e-17
9261.70596 2.9773e-17
9263.240438 2.9869e-17
9264.774916 2.0051e-17
9266.309394 1.8121e-17
9267.843872 2.2014e-17
9269.37835 2.1077e-17
9270.912828 2.4692e-17
9272.447306 2.8533e-17
9273.981784 2.3978e-17
9275.516262 2.1103e-17
9277.05074 2.239e-17
9278.585218 1.796e-17
9280.119696 1.7296e-17
9281.654174 2.1295e-17
9283.188652 2.3032e-17
9284.72313 2.2291e-17
9286.257608 2.031e-17
9287.792086 2.387e-17
9289.326564 2.534e-17
9290.861042 1.8775e-17
9292.39552 1.9584e-17
9293.929998 2.5404e-17
9295.464476 2.6187e-17
9296.998954 2.4822e-17
9298.533432 1.928e-17
9300.06791 1.461e-17
9301.602388 2.5517e-17
9303.136866 4.4294e-17
9304.671344 4.1385e-17
9306.205822 1.3091e-17
9307.7403 -1.3299e-17
9309.274778 -1.5979e-17
9310.809256 2.1221e-17
9312.343734 5.2059e-17
9313.878212 3.5068e-17
9315.41269 1.1516e-17
9316.947168 -3.5112e-19
9318.481646 1.4312e-17
9320.016124 3.35e-17
9321.550602 2.6402e-17
9323.08508 2.207e-17
9324.619558 3.2673e-17
9326.154036 1.1923e-17
9327.688514 -1.6884e-18
9329.222992 1.54e-17
9330.75747 1.5877e-17
9332.291948 1.5827e-17
9333.826426 3.2588e-17
9335.360904 4.9062e-17
9336.895382 3.9454e-17
9338.42986 2.4559e-17
9339.964338 1.956e-17
9341.498816 1.3687e-17
9343.033294 1.8384e-17
9344.567772 2.4362e-17
9346.10225 1.718e-17
9347.636728 2.2148e-17
9349.171206 3.1561e-17
9350.705684 2.3643e-17
9352.240162 1.4818e-17
9353.77464 1.6845e-17
9355.309118 1.7434e-17
9356.843596 1.665e-17
9358.378074 2.2037e-17
9359.912552 2.9828e-17
9361.44703 2.5501e-17
9362.981508 1.7317e-17
9364.515986 2.1117e-17
9366.050464 2.5608e-17
9367.584942 2.0708e-17
9369.11942 1.8935e-17
9370.653898 2.124e-17
9372.188376 5.8997e-17
9373.722854 6.3663e-17
9375.257332 2.6303e-17
9376.79181 4.541e-17
9378.326288 2.1001e-17
9379.860766 -1.5055e-17
9381.395244 1.0826e-17
9382.929722 1.878e-17
9384.4642 7.8103e-18
9385.998678 7.695e-18
9387.533156 1.1635e-17
9389.067634 1.6537e-17
9390.602112 2.0742e-17
9392.13659 2.5182e-17
9393.671068 1.9733e-17
9395.205546 5.5973e-18
9396.740024 1.0144e-18
9398.274502 2.0399e-17
9399.80898 3.5838e-17
9401.343458 2.9408e-17
9402.877936 3.1618e-17
9404.412414 2.7771e-17
9405.946892 1.9017e-17
9407.48137 1.6293e-17
9409.015848 1.3403e-17
9410.550326 1.5759e-17
9412.084804 1.7012e-17
9413.619282 1.8104e-17
9415.15376 3.0903e-17
9416.688238 4.8204e-17
9418.222716 5.6728e-17
9419.757194 5.0771e-17
9421.291672 2.333e-17
9422.82615 5.632e-18
9424.360628 1.8881e-17
9425.895106 2.1726e-17
9427.429584 1.3406e-17
9428.964062 1.5339e-17
9430.49854 1.7579e-17
9432.033018 7.4226e-18
9433.567496 -1.1242e-17
9435.101974 3.0261e-18
9436.636452 4.7916e-17
9438.17093 5.7539e-17
9439.705408 5.1813e-17
9441.239886 3.1639e-17
9442.774364 1.912e-19
9444.308842 6.938e-18
9445.84332 2.2177e-17
9447.377798 2.3589e-17
9448.912276 1.6089e-17
9450.446754 1.2769e-17
9451.981232 2.0956e-17
9453.51571 2.5492e-17
9455.050188 2.4862e-17
9456.584666 1.1677e-17
9458.119144 -4.8463e-18
9459.653622 2.8874e-19
9461.1881 1.655e-17
9462.722578 1.9872e-17
9464.257056 1.8762e-17
9465.791534 2.8172e-17
9467.326012 2.6491e-17
9468.86049 1.8821e-17
9470.394968 1.5227e-17
9471.929446 8.5432e-18
9473.463924 7.2061e-18
9474.998402 1.5269e-17
9476.53288 3.3141e-17
9478.067358 2.1196e-17
9479.601836 -6.554e-18
9481.136314 4.358e-18
9482.670792 2.1332e-17
9484.20527 2.342e-17
9485.739748 2.2608e-17
9487.274226 2.1918e-17
9488.808704 2.2804e-17
9490.343182 1.7754e-17
9491.87766 1.4552e-17
9493.412138 1.8435e-17
9494.946616 1.8121e-17
9496.481094 1.4296e-17
9498.015572 1.4631e-17
9499.55005 9.8498e-18
9501.084528 -3.451e-18
9502.619006 1.6208e-17
9504.153484 4.0403e-17
9505.687962 2.3581e-17
9507.22244 1.6141e-17
9508.756918 1.9459e-17
9510.291396 2.0534e-17
9511.825874 2.6783e-17
9513.360352 2.442e-17
9514.89483 2.8928e-17
9516.429308 3.764e-17
9517.963786 5.9851e-17
9519.498264 5.918e-17
9521.032742 2.2148e-17
9522.56722 1.2353e-17
9524.101698 2.2975e-17
9525.636176 3.4331e-17
9527.170654 3.0867e-17
9528.705132 2.1342e-17
9530.23961 2.0183e-17
9531.774088 1.8079e-17
9533.308566 1.6957e-17
9534.843044 2.0195e-17
9536.377522 1.8098e-17
9537.912 2.322e-17
9539.446478 2.7485e-17
9540.980956 2.4453e-17
9542.515434 2.4006e-17
9544.049912 2.478e-17
9545.58439 2.2584e-17
9547.118868 2.6041e-17
9548.653346 3.5178e-17
9550.187824 4.0891e-17
9551.722302 3.1432e-17
9553.25678 1.31e-17
9554.791258 6.7569e-18
9556.325736 1.5373e-17
9557.860214 1.9075e-17
9559.394692 2.0844e-17
9560.92917 2.0057e-17
9562.463648 2.1032e-17
9563.998126 3.7676e-17
9565.532604 1.9958e-17
9567.067082 2.4868e-17
9568.60156 5.832e-17
9570.136038 3.6689e-17
9571.670516 1.3538e-17
9573.204994 1.5521e-17
9574.739472 2.5244e-17
9576.27395 2.5642e-17
9577.808428 2.4693e-17
9579.342906 2.0528e-17
9580.877384 1.7616e-17
9582.411862 2.5634e-17
9583.94634 2.7801e-17
9585.480818 2.8301e-17
9587.015296 3.144e-17
9588.549774 2.1926e-17
9590.084252 2.202e-17
9591.61873 3.5107e-17
9593.153208 3.8233e-17
9594.687686 3.9778e-17
9596.222164 4.1799e-17
9597.756642 4.1731e-17
9599.29112 4.0696e-17
9600.825598 3.7195e-17
9602.360076 3.3899e-17
9603.894554 2.3809e-17
9605.429032 2.0218e-17
9606.96351 2.8654e-17
9608.497988 2.336e-17
9610.032466 1.1966e-17
9611.566944 1.3549e-17
9613.101422 2.0774e-17
9614.6359 2.012e-17
9616.170378 2.3212e-17
9617.704856 2.7458e-17
9619.239334 1.4158e-17
9620.773812 1.551e-17
9622.30829 3.0939e-17
9623.842768 2.0172e-17
9625.377246 1.4274e-17
9626.911724 2.165e-17
9628.446202 2.0026e-17
9629.98068 2.4124e-17
9631.515158 3.3928e-17
9633.049636 3.3308e-17
9634.584114 2.6855e-17
9636.118592 2.0466e-17
9637.65307 1.8747e-17
9639.187548 2.252e-17
9640.722026 2.0955e-17
9642.256504 2.2618e-17
9643.790982 2.8673e-17
9645.32546 2.7966e-17
9646.859938 3.2623e-17
9648.394416 3.7329e-17
9649.928894 2.9055e-17
9651.463372 2.9946e-17
9652.99785 2.8907e-17
9654.532328 1.6231e-17
9656.066806 1.5365e-17
9657.601284 2.593e-17
9659.135762 4.0081e-17
9660.67024 3.5532e-17
9662.204718 1.5989e-17
9663.739196 1.1216e-17
9665.273674 1.4686e-17
9666.808152 2.0449e-17
9668.34263 2.6434e-17
9669.877108 2.7698e-17
9671.411586 2.9303e-17
9672.946064 2.5791e-17
9674.480542 3.0739e-17
9676.01502 2.593e-17
9677.549498 1.7987e-17
9679.083976 3.5248e-17
9680.618454 2.1426e-17
9682.152932 6.2926e-18
9683.68741 1.9058e-17
9685.221888 1.3331e-17
9686.756366 1.5562e-17
9688.290844 2.4676e-17
9689.825322 2.6153e-17
9691.3598 3.214e-17
9692.894278 2.4932e-17
9694.428756 2.4041e-17
9695.963234 5.1309e-17
9697.497712 4.4357e-17
9699.03219 1.9347e-17
9700.566668 2.637e-17
9702.101146 1.7268e-17
9703.635624 1.0984e-17
9705.170102 1.6913e-17
9706.70458 2.241e-17
9708.239058 2.6231e-17
9709.773536 2.5814e-17
9711.308014 2.2418e-17
9712.842492 9.7403e-18
9714.37697 7.8964e-18
9715.911448 1.4271e-17
9717.445926 1.3977e-17
9718.980404 1.8058e-17
9720.514882 2.1257e-17
9722.04936 1.7012e-17
9723.583838 2.5081e-17
9725.118316 2.6125e-17
9726.652794 1.76e-17
9728.187272 2.1917e-17
9729.72175 2.3637e-17
9731.256228 2.3285e-17
9732.790706 2.5931e-17
9734.325184 2.9684e-17
9735.859662 2.4493e-17
9737.39414 1.3397e-17
9738.928618 2.2071e-17
9740.463096 2.6064e-17
9741.997574 2.4224e-17
9743.532052 2.2567e-17
9745.06653 1.8789e-17
9746.601008 2.749e-17
9748.135486 3.4264e-17
9749.669964 3.0413e-17
9751.204442 2.4406e-17
9752.73892 2.2352e-17
9754.273398 1.9393e-17
9755.807876 1.9185e-17
9757.342354 2.3098e-17
9758.876832 2.6679e-17
9760.41131 2.1465e-17
9761.945788 1.8535e-17
9763.480266 1.7979e-17
9765.014744 2.5574e-17
9766.549222 3.5893e-17
9768.0837 3.4931e-17
9769.618178 2.3767e-17
9771.152656 1.2083e-17
9772.687134 1.5313e-17
9774.221612 2.7933e-17
9775.75609 2.9051e-17
9777.290568 1.9673e-17
9778.825046 1.7218e-17
9780.359524 1.9807e-17
9781.894002 1.4471e-17
9783.42848 1.3732e-17
9784.962958 1.0027e-18
9786.497436 -1.4679e-17
9788.031914 3.8998e-18
9789.566392 3.0315e-17
9791.10087 4.5071e-17
9792.635348 5.5786e-17
9794.169826 3.4476e-17
9795.704304 5.4902e-18
9797.238782 2.2695e-18
9798.77326 3.7932e-17
9800.307738 5.944e-17
9801.842216 2.6308e-17
9803.376694 6.5639e-18
9804.911172 2.1634e-17
9806.44565 2.877e-17
9807.980128 2.859e-17
9809.514606 3.9536e-17
9811.049084 2.9987e-17
9812.583562 1.6418e-17
9814.11804 1.8467e-17
9815.652518 1.9031e-17
9817.186996 2.2067e-17
9818.721474 2.2206e-17
9820.255952 1.2823e-17
9821.79043 9.8761e-18
9823.324908 2.0379e-17
9824.859386 3.3834e-17
9826.393864 1.9268e-17
9827.928342 7.4726e-18
9829.46282 2.8916e-17
9830.997298 4.253e-17
9832.531776 3.3208e-17
9834.066254 2.0624e-17
9835.600732 2.4195e-17
9837.13521 3.3496e-17
9838.669688 2.5328e-17
9840.204166 1.9222e-17
9841.738644 2.4848e-17
9843.273122 2.2845e-17
9844.8076 2.8756e-17
9846.342078 3.5146e-17
9847.876556 2.4119e-17
9849.411034 1.805e-17
9850.945512 1.4363e-17
9852.47999 1.004e-17
9854.014468 1.4503e-17
9855.548946 2.6893e-17
9857.083424 3.3612e-17
9858.617902 2.7911e-17
9860.15238 2.0329e-17
9861.686858 1.9403e-17
9863.221336 1.6762e-17
9864.755814 1.1341e-17
9866.290292 6.5585e-18
9867.82477 2.6173e-17
9869.359248 7.0164e-17
9870.893726 6.287e-17
9872.428204 3.5863e-17
9873.962682 2.8194e-17
9875.49716 8.2874e-18
9877.031638 1.1828e-17
9878.566116 1.9862e-17
9880.100594 2.2767e-17
9881.635072 4.2509e-17
9883.16955 4.0545e-17
9884.704028 1.5843e-17
9886.238506 1.1043e-17
9887.772984 2.677e-17
9889.307462 2.2932e-17
9890.84194 1.2161e-17
9892.376418 1.6914e-17
9893.910896 1.5726e-17
9895.445374 1.7435e-17
9896.979852 1.1536e-17
9898.51433 1.0375e-17
9900.048808 2.9712e-17
9901.583286 3.506e-17
9903.117764 3.0471e-17
9904.652242 2.126e-17
9906.18672 1.7253e-17
9907.721198 2.0065e-17
9909.255676 3.0871e-17
9910.790154 6.1729e-17
9912.324632 7.2684e-17
9913.85911 5.5714e-17
9915.393588 6.898e-17
9916.928066 5.107e-17
9918.462544 6.4713e-18
9919.997022 1.0283e-17
9921.5315 1.8236e-17
9923.065978 2.1904e-17
9924.600456 1.3922e-17
9926.134934 5.5308e-18
9927.669412 1.2988e-17
9929.20389 1.9293e-17
9930.738368 1.7158e-17
9932.272846 2.4196e-17
9933.807324 2.2164e-17
9935.341802 1.3398e-17
9936.87628 1.8693e-17
9938.410758 3.2638e-17
9939.945236 2.5459e-17
9941.479714 4.2008e-17
9943.014192 6.8827e-17
9944.54867 4.348e-17
9946.083148 2.953e-17
9947.617626 3.7102e-17
9949.152104 3.7291e-17
9950.686582 2.554e-17
9952.22106 1.123e-17
9953.755538 2.5769e-17
9955.290016 2.9742e-17
9956.824494 2.034e-17
9958.358972 3.1786e-17
9959.89345 3.3114e-17
9961.427928 3.2784e-17
9962.962406 4.4278e-17
9964.496884 1.4402e-17
9966.031362 8.7413e-18
9967.56584 3.0111e-17
9969.100318 3.0664e-17
9970.634796 4.7287e-17
9972.169274 5.0022e-17
9973.703752 3.1766e-17
9975.23823 1.8091e-17
9976.772708 1.3185e-17
9978.307186 2.0349e-17
9979.841664 3.0863e-17
9981.376142 3.007e-17
9982.91062 2.104e-17
9984.445098 1.7923e-17
9985.979576 2.1613e-17
9987.514054 3.0306e-17
9989.048532 2.6232e-17
9990.58301 1.4752e-17
9992.117488 1.419e-17
9993.651966 2.2099e-17
9995.186444 3.5579e-17
9996.720922 3.2232e-17
9998.2554 2.7265e-17
9999.789878 3.2084e-17
10001.324356 2.2523e-17
