4748.84883784 1.09944e-17
4751.84520413 1.13719e-17
4754.84157041 9.62585e-18
4757.8379367 1.06566e-17
4760.83430298 9.54048e-18
4763.83066927 7.16214e-18
4766.82703555 8.53251e-18
4769.82340184 1.13879e-17
4772.81976812 1.09027e-17
4775.81613441 9.06751e-18
4778.8125007 9.69322e-18
4781.80886698 1.10029e-17
4784.80523327 1.109e-17
4787.80159955 1.22459e-17
4790.79796584 9.26833e-18
4793.79433212 9.09324e-18
4796.79069841 7.93855e-18
4799.78706469 7.50072e-18
4802.78343098 1.067e-17
4805.77979727 8.13258e-18
4808.77616355 1.1071e-17
4811.77252984 1.19086e-17
4814.76889612 8.84469e-18
4817.76526241 1.01889e-17
4820.76162869 1.1398e-17
4823.75799498 1.38231e-17
4826.75436126 1.01024e-17
4829.75072755 7.74866e-18
4832.74709383 9.85589e-18
4835.74346012 1.02476e-17
4838.73982641 1.33529e-17
4841.73619269 1.26544e-17
4844.73255898 9.27541e-18
4847.72892526 8.40827e-18
4850.72529155 1.2358e-17
4853.72165783 1.17312e-17
4856.71802412 9.0427e-18
4859.7143904 9.24529e-18
4862.71075669 8.97383e-18
4865.70712297 7.48484e-18
4868.70348926 1.42707e-17
4871.69985555 1.26432e-17
4874.69622183 9.01795e-18
4877.69258812 1.29039e-17
4880.6889544 9.97116e-18
4883.68532069 8.31704e-18
4886.68168697 1.02261e-17
4889.67805326 1.11008e-17
4892.67441954 1.04664e-17
4895.67078583 6.10157e-18
4898.66715212 1.29837e-17
4901.6635184 1.20506e-17
4904.65988469 1.34933e-17
4907.65625097 1.04159e-17
4910.65261726 8.01848e-18
4913.64898354 1.00776e-17
4916.64534983 1.07663e-17
4919.64171611 1.44581e-17
4922.6380824 1.53347e-17
4925.63444868 1.44849e-17
4928.63081497 1.37846e-17
4931.62718126 1.35548e-17
4934.62354754 1.29643e-17
4937.61991383 1.24078e-17
4940.61628011 1.2762e-17
4943.6126464 1.32535e-17
4946.60901268 1.395e-17
4949.60537897 1.14088e-17
4952.60174525 1.08232e-17
4955.59811154 1.08143e-17
4958.59447783 1.31912e-17
4961.59084411 1.56621e-17
4964.5872104 1.33757e-17
4967.58357668 1.17284e-17
4970.57994297 1.04186e-17
4973.57630925 1.04741e-17
4976.57267554 1.20639e-17
4979.56904182 1.40206e-17
4982.56540811 1.19614e-17
4985.56177439 9.6869e-18
4988.55814068 1.23752e-17
4991.55450697 1.36548e-17
4994.55087325 1.20445e-17
4997.54723954 1.2363e-17
5000.54360582 1.20376e-17
5003.53997211 1.16952e-17
5006.53633839 1.16649e-17
5009.53270468 1.35418e-17
5012.52907096 1.29625e-17
5015.52543725 1.21752e-17
5018.52180353 1.39755e-17
5021.51816982 1.60533e-17
5024.51453611 1.3046e-17
5027.51090239 1.00567e-17
5030.50726868 1.04212e-17
5033.50363496 1.03038e-17
5036.50000125 1.01889e-17
5039.49636753 9.95683e-18
5042.49273382 1.01322e-17
5045.4891001 1.21649e-17
5048.48546639 1.10643e-17
5051.48183268 1.21315e-17
5054.47819896 1.23932e-17
5057.47456525 1.24942e-17
5060.47093153 1.31837e-17
5063.46729782 1.35884e-17
5066.4636641 1.31242e-17
5069.46003039 1.28548e-17
5072.45639667 1.29028e-17
5075.45276296 1.22215e-17
5078.44912924 1.48977e-17
5081.44549553 1.42705e-17
5084.44186182 1.34718e-17
5087.4382281 1.46229e-17
5090.43459439 1.14551e-17
5093.43096067 1.15529e-17
5096.42732696 1.0126e-17
5099.42369324 1.13814e-17
5102.42005953 1.05868e-17
5105.41642581 1.18076e-17
5108.4127921 1.47436e-17
5111.40915839 1.29179e-17
5114.40552467 1.07559e-17
5117.40189096 1.30053e-17
5120.39825724 1.09937e-17
5123.39462353 1.00536e-17
5126.39098981 1.19908e-17
5129.3873561 1.25414e-17
5132.38372238 9.12581e-18
5135.38008867 8.35015e-18
5138.37645495 1.44604e-17
5141.37282124 1.40073e-17
5144.36918753 1.11394e-17
5147.36555381 9.84759e-18
5150.3619201 1.21373e-17
5153.35828638 1.20251e-17
5156.35465267 1.05182e-17
5159.35101895 1.22774e-17
5162.34738524 1.32233e-17
5165.34375152 1.19552e-17
5168.34011781 1.1631e-17
5171.3364841 1.02025e-17
5174.33285038 1.00281e-17
5177.32921667 1.17534e-17
5180.32558295 1.14046e-17
5183.32194924 1.16758e-17
5186.31831552 1.11347e-17
5189.31468181 1.0983e-17
5192.31104809 1.25802e-17
5195.30741438 1.44869e-17
5198.30378066 1.11888e-17
5201.30014695 1.05373e-17
5204.29651324 1.36841e-17
5207.29287952 1.29084e-17
5210.28924581 1.26626e-17
5213.28561209 1.41826e-17
5216.28197838 1.52186e-17
5219.27834466 1.1724e-17
5222.27471095 1.06953e-17
5225.27107723 1.17059e-17
5228.26744352 1.15972e-17
5231.2638098 1.09942e-17
5234.26017609 1.19992e-17
5237.25654238 1.28522e-17
5240.25290866 1.22878e-17
5243.24927495 1.23731e-17
5246.24564123 1.40822e-17
5249.24200752 1.48258e-17
5252.2383738 1.40016e-17
5255.23474009 1.12125e-17
5258.23110637 1.05293e-17
5261.22747266 9.61146e-18
5264.22383895 1.19234e-17
5267.22020523 1.34024e-17
5270.21657152 1.43062e-17
5273.2129378 1.24761e-17
5276.20930409 1.07364e-17
5279.20567037 1.11147e-17
5282.20203666 1.43595e-17
5285.19840294 1.31828e-17
5288.19476923 9.78484e-18
5291.19113551 1.00838e-17
5294.1875018 1.10956e-17
5297.18386809 1.36139e-17
5300.18023437 1.35985e-17
5303.17660066 1.13923e-17
5306.17296694 1.21667e-17
5309.16933323 1.10063e-17
5312.16569951 1.28834e-17
5315.1620658 1.00188e-17
5318.15843208 9.24774e-18
5321.15479837 1.12802e-17
5324.15116466 1.37045e-17
5327.14753094 1.35485e-17
5330.14389723 1.23898e-17
5333.14026351 1.19554e-17
5336.1366298 1.24846e-17
5339.13299608 1.3761e-17
5342.12936237 1.28721e-17
5345.12572865 1.41578e-17
5348.12209494 1.59131e-17
5351.11846122 1.42292e-17
5354.11482751 1.40269e-17
5357.1111938 1.45561e-17
5360.10756008 1.21893e-17
5363.10392637 9.9182e-18
5366.10029265 1.12118e-17
5369.09665894 1.09137e-17
5372.09302522 1.08747e-17
5375.08939151 1.21107e-17
5378.08575779 1.41029e-17
5381.08212408 1.2027e-17
5384.07849037 1.33454e-17
5387.07485665 1.22528e-17
5390.07122294 1.26966e-17
5393.06758922 1.34757e-17
5396.06395551 1.3498e-17
5399.06032179 1.30569e-17
5402.05668808 1.28511e-17
5405.05305436 1.17482e-17
5408.04942065 1.21363e-17
5411.04578693 1.29355e-17
5414.04215322 1.4996e-17
5417.03851951 1.66834e-17
5420.03488579 1.38149e-17
5423.03125208 1.41652e-17
5426.02761836 1.31519e-17
5429.02398465 1.27326e-17
5432.02035093 1.39346e-17
5435.01671722 1.39649e-17
5438.0130835 1.37053e-17
5441.00944979 1.44303e-17
5444.00581607 1.34273e-17
5447.00218236 1.28121e-17
5449.99854865 1.20416e-17
5452.99491493 1.23739e-17
5455.99128122 1.22061e-17
5458.9876475 1.21439e-17
5461.98401379 1.31618e-17
5464.98038007 1.51864e-17
5467.97674636 1.39434e-17
5470.97311264 1.38268e-17
5473.96947893 1.35579e-17
5476.96584522 1.2702e-17
5479.9622115 1.38769e-17
5482.95857779 1.43972e-17
5485.95494407 1.50877e-17
5488.95131036 1.51769e-17
5491.94767664 1.41435e-17
5494.94404293 1.45061e-17
5497.94040921 1.45005e-17
5500.9367755 1.28774e-17
5503.93314178 1.15476e-17
5506.92950807 1.34122e-17
5509.92587436 1.50653e-17
5512.92224064 1.44069e-17
5515.91860693 1.39187e-17
5518.91497321 1.34617e-17
5521.9113395 1.369e-17
5524.90770578 1.40502e-17
5527.90407207 1.37434e-17
5530.90043835 1.41873e-17
5533.89680464 1.41077e-17
5536.89317093 1.43976e-17
5539.88953721 1.36735e-17
5542.8859035 1.28549e-17
5545.88226978 1.42974e-17
5548.87863607 1.36808e-17
5551.87500235 1.458e-17
5554.87136864 1.36651e-17
5557.86773492 1.52905e-17
5560.86410121 1.56264e-17
5563.86046749 1.52681e-17
5566.85683378 1.50187e-17
5569.85320007 1.47567e-17
5572.84956635 1.44948e-17
5575.84593264 1.42329e-17
5578.84229892 1.3971e-17
5581.83866521 1.3709e-17
5584.83503149 1.34471e-17
5587.83139778 1.31852e-17
5590.82776406 1.29251e-17
5593.82413035 1.26491e-17
5596.82049663 1.25513e-17
5599.81686292 1.24718e-17
5602.81322921 1.30903e-17
5605.80959549 1.46327e-17
5608.80596178 1.59787e-17
5611.80232806 1.70889e-17
5614.79869435 1.3991e-17
5617.79506063 1.11208e-17
5620.79142692 1.2644e-17
5623.7877932 1.57143e-17
5626.78415949 1.56196e-17
5629.78052578 1.4554e-17
5632.77689206 1.45184e-17
5635.77325835 1.51457e-17
5638.76962463 1.61184e-17
5641.76599092 1.63135e-17
5644.7623572 1.50291e-17
5647.75872349 1.52046e-17
5650.75508977 1.50753e-17
5653.75145606 1.47253e-17
5656.74782234 1.59123e-17
5659.74418863 1.79558e-17
5662.74055492 1.62268e-17
5665.7369212 1.59476e-17
5668.73328749 1.61947e-17
5671.72965377 1.50062e-17
5674.72602006 1.56541e-17
5677.72238634 1.52569e-17
5680.71875263 1.38036e-17
5683.71511891 1.28535e-17
5686.7114852 1.41165e-17
5689.70785149 1.3321e-17
5692.70421777 1.34368e-17
5695.70058406 1.45089e-17
5698.69695034 1.35529e-17
5701.69331663 1.4064e-17
5704.68968291 1.42548e-17
5707.6860492 1.38412e-17
5710.68241548 1.49339e-17
5713.67878177 1.4522e-17
5716.67514805 1.46881e-17
5719.67151434 1.33055e-17
5722.66788063 1.25489e-17
5725.66424691 1.45483e-17
5728.6606132 1.39279e-17
5731.65697948 1.31243e-17
5734.65334577 1.4145e-17
5737.64971205 1.47329e-17
5740.64607834 1.44905e-17
5743.64244462 1.33949e-17
5746.63881091 1.33481e-17
5749.6351772 1.29385e-17
5752.63154348 1.43047e-17
5755.62790977 1.49737e-17
5758.62427605 1.3886e-17
5761.62064234 1.50359e-17
5764.61700862 1.61779e-17
5767.61337491 1.33951e-17
5770.60974119 1.18462e-17
5773.60610748 1.26371e-17
5776.60247376 1.47502e-17
5779.59884005 1.50687e-17
5782.59520634 1.23817e-17
5785.59157262 1.20793e-17
5788.58793891 1.48293e-17
5791.58430519 1.46972e-17
5794.58067148 1.17376e-17
5797.57703776 1.55016e-17
5800.57340405 1.7219e-17
5803.56977033 1.26023e-17
5806.56613662 1.1449e-17
5809.5625029 1.42058e-17
5812.55886919 1.4397e-17
5815.55523548 1.36808e-17
5818.55160176 1.32206e-17
5821.54796805 1.2796e-17
5824.54433433 1.49492e-17
5827.54070062 1.58881e-17
5830.5370669 1.42651e-17
5833.53343319 1.35489e-17
5836.52979947 1.37332e-17
5839.52616576 1.25202e-17
5842.52253205 1.33363e-17
5845.51889833 1.32299e-17
5848.51526462 1.40414e-17
5851.5116309 1.50146e-17
5854.50799719 1.49422e-17
5857.50436347 1.4807e-17
5860.50072976 1.48751e-17
5863.49709604 1.41424e-17
5866.49346233 1.47597e-17
5869.48982861 1.71881e-17
5872.4861949 1.75164e-17
5875.48256119 1.72493e-17
5878.47892747 1.55469e-17
5881.47529376 1.5104e-17
5884.47166004 1.39483e-17
5887.46802633 1.41982e-17
5890.46439261 1.37248e-17
5893.4607589 1.53092e-17
5896.45712518 1.51121e-17
5899.45349147 1.51511e-17
5902.44985776 1.5165e-17
5905.44622404 1.49474e-17
5908.44259033 1.54568e-17
5911.43895661 1.72628e-17
5914.4353229 1.69556e-17
5917.43168918 1.52197e-17
5920.42805547 1.46812e-17
5923.42442175 1.41442e-17
5926.42078804 1.46718e-17
5929.41715432 1.55567e-17
5932.41352061 1.45453e-17
5935.4098869 1.43443e-17
5938.40625318 1.58773e-17
5941.40261947 1.6185e-17
5944.39898575 1.45879e-17
5947.39535204 1.32818e-17
5950.39171832 1.20455e-17
5953.38808461 1.38003e-17
5956.38445089 1.63695e-17
5959.38081718 1.69072e-17
5962.37718346 1.64564e-17
5965.37354975 1.62317e-17
5968.36991604 1.6436e-17
5971.36628232 1.62267e-17
5974.36264861 1.42498e-17
5977.35901489 1.42687e-17
5980.35538118 1.48751e-17
5983.35174746 1.48183e-17
5986.34811375 1.51028e-17
5989.34448003 1.5436e-17
5992.34084632 1.60853e-17
5995.33721261 1.51526e-17
5998.33357889 1.49404e-17
6001.32994518 1.41868e-17
6004.32631146 1.40693e-17
6007.32267775 1.52656e-17
6010.31904403 1.57275e-17
6013.31541032 1.57781e-17
6016.3117766 1.59804e-17
6019.30814289 1.77272e-17
6022.30450917 1.73501e-17
6025.30087546 1.66298e-17
6028.29724175 1.65689e-17
6031.29360803 1.67904e-17
6034.28997432 1.60371e-17
6037.2863406 1.55575e-17
6040.28270689 1.59175e-17
6043.27907317 1.59226e-17
6046.27543946 1.78558e-17
6049.27180574 1.67631e-17
6052.26817203 1.43096e-17
6055.26453832 1.38963e-17
6058.2609046 1.34769e-17
6061.25727089 1.33833e-17
6064.25363717 1.43621e-17
6067.25000346 1.40927e-17
6070.24636974 1.38999e-17
6073.24273603 1.56771e-17
6076.23910231 1.73072e-17
6079.2354686 1.71913e-17
6082.23183488 1.61492e-17
6085.22820117 1.55753e-17
6088.22456746 1.63103e-17
6091.22093374 1.5742e-17
6094.21730003 1.38529e-17
6097.21366631 1.52953e-17
6100.2100326 1.50856e-17
6103.20639888 1.50145e-17
6106.20276517 1.5386e-17
6109.19913145 1.47327e-17
6112.19549774 1.4717e-17
6115.19186403 1.66444e-17
6118.18823031 1.73048e-17
6121.1845966 1.78836e-17
6124.18096288 1.76946e-17
6127.17732917 1.57566e-17
6130.17369545 1.52296e-17
6133.17006174 1.57847e-17
6136.16642802 1.67697e-17
6139.16279431 1.5878e-17
6142.15916059 1.68482e-17
6145.15552688 1.72808e-17
6148.15189317 1.57343e-17
6151.14825945 1.76642e-17
6154.14462574 1.73463e-17
6157.14099202 1.63514e-17
6160.13735831 1.68635e-17
6163.13372459 1.56276e-17
6166.13009088 1.47835e-17
6169.12645716 1.53172e-17
6172.12282345 1.68124e-17
6175.11918973 1.63131e-17
6178.11555602 1.55496e-17
6181.11192231 1.71998e-17
6184.10828859 1.75841e-17
6187.10465488 1.93359e-17
6190.10102116 1.80629e-17
6193.09738745 1.67562e-17
6196.09375373 1.53431e-17
6199.09012002 1.51957e-17
6202.0864863 1.64968e-17
6205.08285259 1.63977e-17
6208.07921888 1.55819e-17
6211.07558516 1.71855e-17
6214.07195145 1.90471e-17
6217.06831773 1.72653e-17
6220.06468402 1.55446e-17
6223.0610503 1.54297e-17
6226.05741659 1.65812e-17
6229.05378287 1.683e-17
6232.05014916 1.65212e-17
6235.04651544 1.51018e-17
6238.04288173 1.69715e-17
6241.03924802 1.84677e-17
6244.0356143 1.81986e-17
6247.03198059 1.61256e-17
6250.02834687 1.7465e-17
6253.02471316 1.68651e-17
6256.02107944 1.57298e-17
6259.01744573 1.6629e-17
6262.01381201 1.77152e-17
6265.0101783 1.63425e-17
6268.00654459 1.71962e-17
6271.00291087 1.74879e-17
6273.99927716 1.4547e-17
6276.99564344 1.39754e-17
6279.99200973 1.58495e-17
6282.98837601 1.43265e-17
6285.9847423 1.33436e-17
6288.98110858 1.49635e-17
6291.97747487 1.48907e-17
6294.97384115 1.67267e-17
6297.97020744 1.60472e-17
6300.96657373 1.62628e-17
6303.96294001 1.67597e-17
6306.9593063 1.71159e-17
6309.95567258 1.51221e-17
6312.95203887 1.51506e-17
6315.94840515 1.55464e-17
6318.94477144 1.54029e-17
6321.94113772 1.46578e-17
6324.93750401 1.60397e-17
6327.9338703 1.66583e-17
6330.93023658 1.61883e-17
6333.92660287 1.61102e-17
6336.92296915 1.5606e-17
6339.91933544 1.57922e-17
6342.91570172 1.64405e-17
6345.91206801 1.5465e-17
6348.90843429 1.48513e-17
6351.90480058 1.5243e-17
6354.90116686 1.69199e-17
6357.89753315 1.76469e-17
6360.89389944 1.62507e-17
6363.89026572 1.58503e-17
6366.88663201 1.60042e-17
6369.88299829 1.78348e-17
6372.87936458 1.78145e-17
6375.87573086 1.76609e-17
6378.87209715 1.73575e-17
6381.86846343 1.67261e-17
6384.86482972 1.74107e-17
6387.861196 1.73792e-17
6390.85756229 1.65272e-17
6393.85392858 1.75848e-17
6396.85029486 1.71483e-17
6399.84666115 1.64809e-17
6402.84302743 1.80801e-17
6405.83939372 1.86817e-17
6408.83576 1.90868e-17
6411.83212629 1.65223e-17
6414.82849257 1.50368e-17
6417.82485886 1.55518e-17
6420.82122515 1.56828e-17
6423.81759143 1.6321e-17
6426.81395772 1.6204e-17
6429.810324 1.63207e-17
6432.80669029 1.66899e-17
6435.80305657 1.73296e-17
6438.79942286 1.76803e-17
6441.79578914 1.64513e-17
6444.79215543 1.55791e-17
6447.78852171 1.65986e-17
6450.784888 1.75909e-17
6453.78125429 1.7519e-17
6456.77762057 1.69263e-17
6459.77398686 1.69127e-17
6462.77035314 1.47187e-17
6465.76671943 1.49853e-17
6468.76308571 1.65131e-17
6471.759452 1.63735e-17
6474.75581828 1.58625e-17
6477.75218457 1.50638e-17
6480.74855086 1.6615e-17
6483.74491714 1.80371e-17
6486.74128343 1.74124e-17
6489.73764971 1.6381e-17
6492.734016 1.67312e-17
6495.73038228 1.62373e-17
6498.72674857 1.57383e-17
6501.72311485 1.53128e-17
6504.71948114 1.45328e-17
6507.71584742 1.59002e-17
6510.71221371 1.79411e-17
6513.70858 1.85569e-17
6516.70494628 1.62361e-17
6519.70131257 1.67364e-17
6522.69767885 1.7006e-17
6525.69404514 1.60242e-17
6528.69041142 1.42336e-17
6531.68677771 1.40193e-17
6534.68314399 1.49726e-17
6537.67951028 1.61304e-17
6540.67587656 1.64599e-17
6543.67224285 1.79056e-17
6546.66860914 1.83973e-17
6549.66497542 1.82087e-17
6552.66134171 1.69736e-17
6555.65770799 1.78423e-17
6558.65407428 1.8552e-17
6561.65044056 1.75879e-17
6564.64680685 1.89043e-17
6567.64317313 1.72885e-17
6570.63953942 1.70859e-17
6573.63590571 1.72093e-17
6576.63227199 1.81765e-17
6579.62863828 1.63373e-17
6582.62500456 1.69443e-17
6585.62137085 1.78134e-17
6588.61773713 1.89174e-17
6591.61410342 1.80294e-17
6594.6104697 1.79868e-17
6597.60683599 1.9116e-17
6600.60320227 1.87825e-17
6603.59956856 1.90624e-17
6606.59593485 1.78163e-17
6609.59230113 1.66073e-17
6612.58866742 1.80383e-17
6615.5850337 1.80383e-17
6618.58139999 1.70571e-17
6621.57776627 1.80376e-17
6624.57413256 1.94747e-17
6627.57049884 1.96351e-17
6630.56686513 1.80175e-17
6633.56323142 1.85736e-17
6636.5595977 2.02114e-17
6639.55596399 1.84494e-17
6642.55233027 1.78529e-17
6645.54869656 1.86689e-17
6648.54506284 1.93148e-17
6651.54142913 1.97294e-17
6654.53779541 1.95334e-17
6657.5341617 2.08916e-17
6660.53052798 1.94099e-17
6663.52689427 1.92251e-17
6666.52326056 1.98371e-17
6669.51962684 2.03763e-17
6672.51599313 1.91934e-17
6675.51235941 1.98259e-17
6678.5087257 1.68107e-17
6681.50509198 1.9361e-17
6684.50145827 1.99809e-17
6687.49782455 1.95839e-17
6690.49419084 1.95404e-17
6693.49055713 1.91527e-17
6696.48692341 2.13151e-17
6699.4832897 2.11273e-17
6702.47965598 2.0471e-17
6705.47602227 1.99134e-17
6708.47238855 1.93314e-17
6711.46875484 2.11904e-17
6714.46512112 1.94889e-17
6717.46148741 1.94693e-17
6720.45785369 1.81962e-17
6723.45421998 1.83597e-17
6726.45058627 1.77639e-17
6729.44695255 1.88846e-17
6732.44331884 2.12192e-17
6735.43968512 2.14068e-17
6738.43605141 2.06917e-17
6741.43241769 2.14394e-17
6744.42878398 2.20101e-17
6747.42515026 2.1643e-17
6750.42151655 2.15732e-17
6753.41788283 2.16785e-17
6756.41424912 2.11048e-17
6759.41061541 2.03103e-17
6762.40698169 2.06768e-17
6765.40334798 2.14275e-17
6768.39971426 2.35217e-17
6771.39608055 2.19723e-17
6774.39244683 2.02217e-17
6777.38881312 2.2515e-17
6780.3851794 2.18757e-17
6783.38154569 2.13247e-17
6786.37791198 1.93528e-17
6789.37427826 2.25451e-17
6792.37064455 1.91406e-17
6795.36701083 1.96408e-17
6798.36337712 2.0295e-17
6801.3597434 1.91984e-17
6804.35610969 1.88019e-17
6807.35247597 1.92486e-17
6810.34884226 1.89212e-17
6813.34520854 1.90964e-17
6816.34157483 1.96374e-17
6819.33794112 1.89216e-17
6822.3343074 1.96861e-17
6825.33067369 2.09966e-17
6828.32703997 2.11729e-17
6831.32340626 1.78214e-17
6834.31977254 1.65706e-17
6837.31613883 1.62885e-17
6840.31250511 1.6422e-17
6843.3088714 1.8944e-17
6846.30523769 1.88868e-17
6849.30160397 1.86393e-17
6852.29797026 1.78004e-17
6855.29433654 1.81322e-17
6858.29070283 1.91832e-17
6861.28706911 1.76388e-17
6864.2834354 1.7053e-17
6867.27980168 1.69497e-17
6870.27616797 1.65855e-17
6873.27253425 1.57373e-17
6876.26890054 1.52843e-17
6879.26526683 1.46351e-17
6882.26163311 1.52685e-17
6885.2579994 1.60542e-17
6888.25436568 1.57419e-17
6891.25073197 1.60357e-17
6894.24709825 1.47935e-17
6897.24346454 1.7275e-17
6900.23983082 1.75481e-17
6903.23619711 1.78365e-17
6906.23256339 1.81648e-17
6909.22892968 1.86769e-17
6912.22529597 1.6573e-17
6915.22166225 1.71183e-17
6918.21802854 1.77974e-17
6921.21439482 1.81051e-17
6924.21076111 1.91732e-17
6927.20712739 1.85208e-17
6930.20349368 1.84762e-17
6933.19985996 1.55907e-17
6936.19622625 1.58302e-17
6939.19259254 1.65168e-17
6942.18895882 1.75166e-17
6945.18532511 1.78004e-17
6948.18169139 1.69332e-17
6951.17805768 1.7467e-17
6954.17442396 1.73306e-17
6957.17079025 1.71879e-17
6960.16715653 1.66827e-17
6963.16352282 1.70802e-17
6966.1598891 1.85761e-17
6969.15625539 1.9901e-17
6972.15262168 1.90869e-17
6975.14898796 1.73082e-17
6978.14535425 1.75908e-17
6981.14172053 1.86561e-17
6984.13808682 1.82201e-17
6987.1344531 1.70178e-17
6990.13081939 1.80761e-17
6993.12718567 1.77471e-17
6996.12355196 1.82294e-17
6999.11991825 1.70517e-17
7002.11628453 1.7132e-17
7005.11265082 1.71541e-17
7008.1090171 1.72791e-17
7011.10538339 1.73286e-17
7014.10174967 1.75757e-17
7017.09811596 1.62882e-17
7020.09448224 1.71338e-17
7023.09084853 1.73186e-17
7026.08721481 1.67916e-17
7029.0835811 1.6598e-17
7032.07994739 1.82026e-17
7035.07631367 1.84885e-17
7038.07267996 1.90803e-17
7041.06904624 1.78483e-17
7044.06541253 1.63801e-17
7047.06177881 1.80479e-17
7050.0581451 1.77475e-17
7053.05451138 1.71076e-17
7056.05087767 1.69232e-17
7059.04724396 1.80235e-17
7062.04361024 1.75656e-17
7065.03997653 1.75909e-17
7068.03634281 1.78647e-17
7071.0327091 1.74195e-17
7074.02907538 1.89896e-17
7077.02544167 1.85576e-17
7080.02180795 1.81794e-17
7083.01817424 1.77231e-17
7086.01454052 1.65659e-17
7089.01090681 1.74239e-17
7092.0072731 1.82949e-17
7095.00363938 1.84062e-17
7098.00000567 1.79837e-17
7100.99637195 1.83919e-17
7103.99273824 1.74659e-17
7106.98910452 1.85668e-17
7109.98547081 1.85485e-17
7112.98183709 1.80084e-17
7115.97820338 1.67591e-17
7118.97456966 1.78799e-17
7121.97093595 1.82388e-17
7124.96730224 1.82761e-17
7127.96366852 1.81351e-17
7130.96003481 1.86605e-17
7133.95640109 1.80897e-17
7136.95276738 1.77319e-17
7139.94913366 1.66332e-17
7142.94549995 1.69241e-17
7145.94186623 1.69259e-17
7148.93823252 1.69675e-17
7151.93459881 1.69464e-17
7154.93096509 1.63708e-17
7157.92733138 1.73349e-17
7160.92369766 1.8238e-17
7163.92006395 1.82667e-17
7166.91643023 1.64653e-17
7169.91279652 1.62246e-17
7172.9091628 1.7548e-17
7175.90552909 1.62587e-17
7178.90189537 1.62722e-17
7181.89826166 1.69591e-17
7184.89462795 1.66401e-17
7187.89099423 1.66592e-17
7190.88736052 1.65397e-17
7193.8837268 1.62793e-17
7196.88009309 1.59525e-17
7199.87645937 1.50754e-17
7202.87282566 1.48667e-17
7205.86919194 1.62212e-17
7208.86555823 1.64338e-17
7211.86192452 1.60956e-17
7214.8582908 1.6549e-17
7217.85465709 1.85943e-17
7220.85102337 1.82409e-17
7223.84738966 1.70589e-17
7226.84375594 1.76062e-17
7229.84012223 1.6161e-17
7232.83648851 1.44215e-17
7235.8328548 1.73144e-17
7238.82922108 1.63065e-17
7241.82558737 1.73709e-17
7244.82195366 1.67637e-17
7247.81831994 1.93559e-17
7250.81468623 2.03198e-17
7253.81105251 1.67912e-17
7256.8074188 1.68691e-17
7259.80378508 1.61757e-17
7262.80015137 1.65058e-17
7265.79651765 1.74285e-17
7268.79288394 1.66712e-17
7271.78925023 1.73655e-17
7274.78561651 1.6726e-17
7277.7819828 1.54912e-17
7280.77834908 1.78289e-17
7283.77471537 1.8567e-17
7286.77108165 1.6506e-17
7289.76744794 1.55478e-17
7292.76381422 1.73335e-17
7295.76018051 1.69261e-17
7298.75654679 1.65192e-17
7301.75291308 1.7535e-17
7304.74927937 1.64113e-17
7307.74564565 1.64575e-17
7310.74201194 1.69439e-17
7313.73837822 1.7143e-17
7316.73474451 1.7303e-17
7319.73111079 1.9007e-17
7322.72747708 1.99792e-17
7325.72384336 2.12874e-17
7328.72020965 1.86567e-17
7331.71657593 1.66305e-17
7334.71294222 1.62987e-17
7337.70930851 1.96608e-17
7340.70567479 1.76364e-17
7343.70204108 1.68282e-17
7346.69840736 1.876e-17
7349.69477365 2.01771e-17
7352.69113993 1.71075e-17
7355.68750622 1.64514e-17
7358.6838725 1.56879e-17
7361.68023879 1.76158e-17
7364.67660508 1.68317e-17
7367.67297136 1.76037e-17
7370.66933765 1.67113e-17
7373.66570393 1.63391e-17
7376.66207022 1.67717e-17
7379.6584365 1.71074e-17
7382.65480279 1.7519e-17
7385.65116907 1.75913e-17
7388.64753536 1.78179e-17
7391.64390164 1.60839e-17
7394.64026793 1.75747e-17
7397.63663422 1.99469e-17
7400.6330005 1.80808e-17
7403.62936679 1.76214e-17
7406.62573307 1.79597e-17
7409.62209936 1.81851e-17
7412.61846564 1.67557e-17
7415.61483193 1.78392e-17
7418.61119821 1.81644e-17
7421.6075645 1.71619e-17
7424.60393079 1.73397e-17
7427.60029707 1.71107e-17
7430.59666336 1.92869e-17
7433.59302964 1.74259e-17
7436.58939593 1.69638e-17
7439.58576221 1.64196e-17
7442.5821285 1.70123e-17
7445.57849478 1.89325e-17
7448.57486107 1.75237e-17
7451.57122735 1.73167e-17
7454.56759364 1.91518e-17
7457.56395993 1.93585e-17
7460.56032621 1.74548e-17
7463.5566925 1.80489e-17
7466.55305878 1.81593e-17
7469.54942507 1.91787e-17
7472.54579135 1.7239e-17
7475.54215764 1.85643e-17
7478.53852392 1.87822e-17
7481.53489021 1.81553e-17
7484.53125649 1.87279e-17
7487.52762278 1.81213e-17
7490.52398907 1.80728e-17
7493.52035535 1.74831e-17
7496.51672164 1.8312e-17
7499.51308792 1.99936e-17
7502.50945421 1.93154e-17
7505.50582049 1.91288e-17
7508.50218678 1.70867e-17
7511.49855306 1.73753e-17
7514.49491935 1.7956e-17
7517.49128564 1.79048e-17
7520.48765192 1.72714e-17
7523.48401821 1.81762e-17
7526.48038449 1.90242e-17
7529.47675078 1.88121e-17
7532.47311706 1.9426e-17
7535.46948335 1.82139e-17
7538.46584963 1.70676e-17
7541.46221592 1.74653e-17
7544.4585822 1.70205e-17
7547.45494849 1.54831e-17
7550.45131478 1.66154e-17
7553.44768106 1.85812e-17
7556.44404735 1.81426e-17
7559.44041363 1.79718e-17
7562.43677992 1.58423e-17
7565.4331462 1.74241e-17
7568.42951249 1.71169e-17
7571.42587877 1.71909e-17
7574.42224506 1.73481e-17
7577.41861135 1.75431e-17
7580.41497763 1.79536e-17
7583.41134392 1.7866e-17
